41,7,23337.00,41.00,43.00,45.00,0.00,0.00,0.00,0.00,0.00,0.00
13,0,28.41,985.36,0.00
41,7,23522.00,41.00,43.00,45.00,0.00,0.00,0.00,0.00,0.00,0.00
13,0,985.40,0.00,0.00
41,7,23893.00,41.00,43.00,45.00,0.00,0.00,0.00,0.00,0.00,0.00
17,1,5853.00,-7.95,0.00,5.74
13,0,28.41,985.39,0.00
17,1,5853.00,-7.95,0.00,5.74
17,2,22979.00,0.01,-0.01,0.02
17,3,71.06,19.31,0.44,0.00
41,7,24265.00,41.00,43.00,45.00,0.00,3.00,0.00,0.00,0.00,0.00
13,0,985.39,0.00,0.00
41,7,24452.00,41.00,0.00,0.00,0.00,0.00,0.00,0.00,0.00,0.00
17,1,5853.00,-7.95,0.00,5.74
41,7,25462.00,41.00,43.00,45.00,0.00,0.00,0.00,0.00,0.00,0.00
13,0,28.39,985.34,28.39
41,7,26287.00,41.00,43.00,45.00,0.00,0.00,0.00,0.00,0.00,0.00
13,0,985.35,28.39,985.32
41,7,26660.00,41.00,43.00,45.00,0.00,3.00,0.00,0.00,0.00,0.00
13,0,28.40,985.41,0.00
41,7,26846.00,41.00,0.00,0.00,0.00,0.00,0.00,0.00,0.00,0.00
13,0,985.35,0.00,0.00
41,7,27029.00,41.00,43.00,45.00,0.00,inf,3.00,0.00,0.00,0.00
17,1,5853.00,-7.95,0.00,5.74
41,7,27215.00,41.00,43.00,45.00,0.00,0.00,0.00,0.00,0.00,0.00
13,0,28.40,985.38,0.00
41,7,27398.00,41.00,43.00,45.00,0.00,0.00,0.00,0.00,0.00,0.00
13,0,985.36,0.00,0.00
17,1,5853.00,-7.95,0.00,5.74
17,2,25477.00,-0.00,0.00,0.00
17,3,19.06,1.31,70.12,18.25
41,7,27769.00,41.00,43.00,45.00,0.00,0.00,0.00,0.00,0.00,0.00
13,0,28.40,985.39,0.00
13,0,985.39,0.00,0.00
17,1,5853.00,-7.95,0.00,5.74
17,2,26303.00,0.00,0.00,0.00
17,3,0.31,70.12,19.25,1.56
41,7,28141.00,41.00,43.00,45.00,0.00,3.00,0.00,0.00,0.00,0.00
17,1,5853.00,-7.95,0.00,5.74
41,7,28326.00,41.00,0.00,0.00,0.00,0.00,0.00,0.00,0.00,0.00
13,0,28.41,985.38,0.00
41,7,28513.00,41.00,43.00,45.00,0.00,inf,3.00,0.00,0.00,0.00
13,0,985.38,0.00,0.00
41,7,28695.00,41.00,43.00,45.00,0.00,0.00,0.00,0.00,0.00,0.00
17,1,5853.00,-7.95,0.00,5.74
41,7,28883.00,41.00,43.00,45.00,0.00,0.00,0.00,0.00,0.00,0.00
13,0,28.40,985.36,0.00
13,0,985.31,0.00,0.00
17,1,5853.00,-7.95,0.00,5.74
21,4,-0.25,0.75,-0.25,0.38,0.75
41,7,29253.00,41.00,43.00,45.00,0.00,0.00,0.00,0.00,0.00,0.00
17,1,5853.00,-7.95,0.00,5.74
13,0,28.41,985.37,0.00
17,1,5853.00,-7.95,0.00,5.74
21,4,-0.25,0.75,-0.25,0.38,0.75
41,7,29623.00,41.00,43.00,45.00,0.00,3.00,0.00,0.00,0.00,0.00
13,0,985.39,0.00,0.00
41,7,29808.00,41.00,0.00,0.00,0.00,0.00,0.00,0.00,0.00,0.00
17,1,5853.00,-7.95,0.00,5.74
41,7,29993.00,41.00,43.00,45.00,0.00,inf,3.00,0.00,0.00,0.00
13,0,28.41,985.38,0.00
13,0,985.38,0.00,0.00
17,1,5853.00,-7.95,0.00,5.74
17,3,69.31,17.81,0.13,0.00
13,6,5.00,0.00,5.00
17,1,5853.00,-7.95,0.00,5.74
21,4,-0.25,0.75,-0.25,0.38,0.75
41,7,30733.00,41.00,43.00,45.00,0.00,0.00,0.00,0.00,0.00,0.00
13,0,985.31,0.00,0.00
17,1,5853.00,-7.95,0.00,5.74
21,4,-0.25,0.75,-0.25,0.38,0.75
13,6,5.00,0.00,5.00
13,0,985.39,0.00,0.00
41,7,31474.00,41.00,43.00,45.00,0.00,inf,3.00,0.00,0.00,0.00
17,1,5853.00,-7.95,0.00,5.74
13,0,28.39,985.32,0.00
17,1,5853.00,-7.95,0.00,5.74
21,4,-0.25,0.75,-0.25,0.38,0.75
41,7,31844.00,4.00,3.00,0.00,0.00,0.00,0.00,0.00,0.00,0.00
13,0,985.35,0.00,0.00
41,7,32030.00,41.00,43.00,45.00,0.00,0.00,0.00,0.00,0.00,0.00
17,1,5853.00,-7.95,0.00,5.74
13,0,28.41,985.36,0.00
17,1,5853.00,-7.95,0.00,5.74
17,3,18.25,1.06,0.00,0.00
13,6,5.00,0.00,5.00
13,6,5.00,0.00,5.00
17,1,5853.00,-7.95,0.00,5.74
21,4,-0.25,0.75,-0.25,0.38,0.75
41,7,32959.00,41.00,43.00,45.00,0.00,3.00,0.00,0.00,0.00,0.00
13,0,985.37,0.00,0.00
41,7,33143.00,4128.00,0.00,0.00,96872.00,48.00,16872.00,339581.00,0.00,0.00
17,1,5853.00,-7.95,0.00,5.74
13,0,28.42,985.38,0.00
17,1,5853.00,-7.95,0.00,5.74
21,4,-0.25,0.75,-0.25,0.38,0.75
13,0,985.34,0.00,0.00
17,1,5853.00,-7.95,0.00,5.74
21,4,-0.25,0.75,-0.25,0.38,0.75
41,7,33701.00,41.00,43.00,45.00,0.00,0.00,0.00,0.00,0.00,0.00
17,1,5853.00,-7.95,0.00,5.74
13,0,28.40,985.35,0.00
17,1,5853.00,-7.95,0.00,5.74
21,4,-0.25,0.75,-0.25,0.38,0.75
13,0,985.34,0.00,0.00
17,1,5853.00,-7.95,0.00,5.74
21,4,-0.25,0.75,-0.25,0.38,0.75
41,7,34255.00,41.00,0.00,0.00,0.00,0.00,0.00,0.00,0.00,0.00
17,1,5853.00,-7.95,0.00,5.74
13,0,28.41,985.37,0.00
17,1,5853.00,-7.95,0.00,5.74
17,3,70.81,19.00,-0.75,0.00
13,6,5.00,0.00,5.00
17,1,5853.00,-7.95,0.00,5.74
41,7,34999.00,41.00,0.00,0.00,0.00,0.00,0.00,0.00,0.00,0.00
13,0,28.41,985.33,0.00
41,7,35184.00,41.00,43.00,45.00,0.00,inf,3.00,0.00,0.00,0.00
13,0,985.37,0.00,0.00
41,7,35371.00,41.00,43.00,45.00,0.00,0.00,0.00,0.00,0.00,0.00
17,1,5853.00,-7.95,0.00,5.74
13,0,28.41,985.32,0.00
17,1,5853.00,-7.95,0.00,5.74
21,4,-0.25,0.75,-0.25,0.38,0.75
13,0,28.43,985.42,0.00
17,1,5853.00,-7.95,0.00,5.74
21,4,-0.25,0.75,-0.25,0.38,0.75
41,7,36755.00,41.00,43.00,45.00,0.00,0.00,0.00,0.00,0.00,0.00
13,0,985.30,0.00,0.00
41,7,36942.00,41.00,43.00,45.00,0.00,inf,0.00,200.00,872.00,0.00
17,1,5853.00,-7.95,0.00,5.74
41,7,37127.00,41.00,43.00,45.00,0.00,inf,3439.00,872.00,9581.00,0.00
13,0,28.44,985.35,0.00
13,0,985.37,0.00,0.00
17,1,5853.00,-7.95,0.00,5.74
17,3,18.06,1.62,0.00,0.00
13,6,5.00,0.00,5.00
17,1,5853.00,-7.95,0.00,5.74
17,3,0.50,0.00,0.00,0.00
13,6,5.00,0.00,5.00
41,7,38056.00,41.00,0.00,0.00,0.00,0.00,0.00,0.00,0.00,0.00
17,1,5853.00,-7.95,0.00,5.74
13,0,28.39,985.30,0.00
17,1,5853.00,-7.95,0.00,5.74
21,4,-0.25,0.75,-0.25,0.38,0.75
41,7,38428.00,41.00,43.00,45.00,2.00,0.00,0.00,0.00,0.00,0.00
13,0,985.33,0.00,0.00
41,7,38616.00,41.00,43.00,45.00,0.00,inf,3.00,0.00,0.00,0.00
17,1,5853.00,-7.95,0.00,5.74
13,0,28.41,985.33,0.00
17,1,5853.00,-7.95,0.00,5.74
21,4,-0.25,0.75,-0.25,0.38,0.75
41,7,38986.00,41.00,43.00,45.00,0.00,inf,3.00,0.00,0.00,0.00
