13,0,14310.00,28.45,985.31
17,1,5628.00,-8.42,0.12,4.89
21,4,-0.28,0.42,0.48,0.00,0.00
13,0,14497.00,28.46,985.31
17,1,5628.00,-8.42,0.12,4.89
21,4,0.42,0.49,0.49,0.00,0.00
41,7,14866.00,41.00,43.00,45.00,0.00,inf,3.00,0.00,0.00,0.00
13,0,14680.00,28.46,985.30
41,7,15049.00,41.00,43.00,6872.00,8.00,6.00,0.00,0.00,0.00,0.00
13,0,14867.00,28.47,985.36
41,7,15236.00,41.00,43.00,45.00,0.00,0.00,0.00,0.00,0.00,0.00
13,0,15050.00,28.47,985.34
41,7,15419.00,41.00,43.00,45.00,0.00,inf,0.00,0.00,0.00,0.00
13,0,15238.00,28.47,985.29
13,0,15421.00,28.48,985.29
17,1,5628.00,-8.42,0.12,4.89
13,6,5.00,0.00,0.00
17,1,5628.00,-8.42,0.12,4.89
13,6,5.00,0.00,0.00
13,0,16160.00,28.49,985.31
41,7,16532.00,41.00,43.00,45.00,0.00,0.00,0.00,0.00,0.00,0.00
13,0,16346.00,28.48,985.34
41,7,16716.00,41.00,43.00,45.00,0.00,inf,3.00,0.00,0.00,0.00
13,0,16533.00,28.46,985.27
13,0,16717.00,28.46,985.34
17,1,5628.00,-8.42,0.12,4.89
21,4,0.49,0.49,0.49,0.00,0.00
13,0,16903.00,28.46,985.31
17,1,5628.00,-8.42,0.12,4.89
13,6,5.00,0.00,0.00
17,1,5628.00,-8.42,0.12,4.89
21,4,0.71,-0.27,0.42,0.49,0.00
41,7,17641.00,41.00,43.00,45.00,0.00,inf,3.00,0.00,0.00,0.00
13,0,17455.00,28.46,985.29
41,7,17825.00,41.00,43.00,45.00,0.00,3.00,0.00,0.00,0.00,0.00
13,0,17643.00,28.47,985.37
41,7,18012.00,0.00,29.00,0.00,0.00,0.00,0.00,0.00,0.00,0.00
13,0,17826.00,28.46,985.31
41,7,18198.00,41.00,43.00,45.00,0.00,inf,3.00,0.00,0.00,0.00
13,0,18014.00,28.46,985.33
