13,0,18753.00,28.45,985.31
41,7,19121.00,41.00,43.00,45.00,0.00,0.00,0.00,0.00,0.00,0.00
13,0,18940.00,28.45,985.34
41,7,19308.00,41.00,43.00,45.00,0.00,0.00,0.00,0.00,0.00,0.00
13,0,19123.00,28.45,985.39
41,7,19492.00,41.00,43.00,45.00,0.00,inf,3.00,0.00,0.00,0.00
13,0,19310.00,28.45,985.40
13,0,19493.00,28.45,985.39
41,7,20503.00,41.00,43.00,0.00,0.00,0.00,0.00,0.00,0.00,0.00
13,0,20321.00,28.45,985.38
13,0,20504.00,28.45,985.36
17,1,5628.00,-8.42,0.12,4.89
21,4,0.71,-0.27,0.42,0.49,0.00
13,0,20692.00,28.45,985.38
17,1,5628.00,-8.42,0.12,4.89
13,6,5.00,0.00,0.00
13,0,21061.00,28.46,985.35
41,7,21430.00,41.00,43.00,45.00,0.00,0.00,0.00,0.00,0.00,0.00
13,0,21248.00,28.46,985.36
41,7,21616.00,41.00,43.00,45.00,0.00,inf,3.00,0.00,0.00,0.00
13,0,21431.00,28.46,985.35
41,7,21799.00,41.00,0.00,0.00,0.00,0.00,0.00,0.00,0.00,0.00
13,0,21618.00,28.46,985.35
13,0,21801.00,28.46,985.36
17,1,5628.00,-8.42,0.12,4.89
13,6,5.00,0.00,0.00
17,1,5628.00,-8.42,0.12,4.89
21,4,-0.27,0.42,0.49,0.00,0.00
41,7,22538.00,41.00,43.00,45.00,0.00,0.00,0.00,0.00,0.00,0.00
13,0,22355.00,28.46,985.33
41,7,22722.00,41.00,43.00,45.00,0.00,0.00,0.00,0.00,0.00,0.00
13,0,22540.00,28.47,985.33
41,7,22908.00,41.00,43.00,45.00,0.00,0.00,0.00,0.00,0.00,0.00
13,0,22723.00,28.48,985.36
41,7,23092.00,41.00,43.00,45.00,0.00,inf,3.00,0.00,0.00,0.00
13,0,22909.00,28.48,985.36
41,7,23318.00,41.00,48.00,16872.00,0.00,0.00,0.00,0.00,0.00,0.00
