17,1,5853.00,-7.95,0.00,5.74
21,4,-0.25,0.75,-0.25,0.38,0.75
41,7,39727.00,41.00,43.00,0.00,1.00,0.00,0.00,0.00,0.00,0.00
17,1,5853.00,-7.95,0.00,5.74
13,0,28.39,985.38,0.00
17,1,5853.00,-7.95,0.00,5.74
21,4,-0.25,0.75,-0.25,0.38,0.75
41,7,40097.00,41.00,43.00,45.00,0.00,0.00,0.00,0.00,0.00,0.00
13,0,985.33,0.00,0.00
41,7,40284.00,41.00,43.00,45.00,0.00,inf,0.00,0.00,0.00,0.00
17,1,5853.00,-7.95,0.00,5.74
41,7,40467.00,41.00,0.00,0.00,0.00,0.00,0.00,0.00,0.00,0.00
13,0,28.41,985.39,0.00
41,7,40654.00,41.00,43.00,45.00,0.00,inf,3.00,0.00,0.00,0.00
13,0,985.29,0.00,0.00
17,1,5853.00,-7.95,0.00,5.74
21,4,-0.25,0.74,-0.24,0.39,0.50
13,6,5.00,0.00,5.00
17,1,5853.00,-7.95,0.00,5.74
21,4,0.74,-0.24,0.39,0.50,0.75
41,7,41391.00,41.00,43.00,0.00,0.00,0.00,0.00,0.00,0.00,0.00
17,1,5853.00,-7.95,0.00,5.74
13,0,28.41,985.34,0.00
17,1,5853.00,-7.95,0.00,5.74
13,6,5.00,0.00,5.00
17,1,5853.00,-7.95,0.00,5.74
41,7,42131.00,41.00,0.00,0.00,0.00,0.00,0.00,0.00,0.00,0.00
13,0,28.40,985.39,0.00
41,7,42316.00,41.00,43.00,45.00,0.00,inf,3.00,0.00,0.00,0.00
13,0,985.33,0.00,0.00
17,1,5853.00,-7.95,0.00,5.74
17,3,72.37,18.94,1.50,73.12
21,4,-0.25,0.39,0.50,0.38,0.75
41,7,42688.00,41.00,43.00,45.00,0.00,0.00,0.00,0.00,0.00,0.00
13,0,28.39,985.39,0.00
13,0,985.38,0.00,0.00
17,1,5853.00,-7.95,0.00,5.74
17,3,19.00,2.06,0.00,0.00
13,6,5.00,0.00,5.00
17,1,5853.00,-7.95,0.00,5.74
21,4,0.39,0.50,-0.25,0.38,0.75
41,7,43430.00,41.00,43.00,45.00,0.00,0.00,0.00,0.00,0.00,0.00
13,0,985.37,0.00,0.00
41,7,43615.00,41.00,43.00,45.00,0.00,inf,0.00,0.00,0.00,0.00
17,1,5853.00,-7.95,0.00,5.74
41,7,43802.00,41.00,0.00,0.00,0.00,0.00,0.00,0.00,0.00,0.00
13,0,28.39,985.38,0.00
41,7,43986.00,41.00,43.00,45.00,0.00,inf,3.00,0.00,0.00,0.00
13,0,985.36,0.00,0.00
17,1,5853.00,-7.95,0.00,5.74
17,3,2.94,2.06,0.00,0.00
13,6,5.00,0.00,5.00
17,1,5853.00,-7.95,0.00,5.74
21,4,0.50,0.75,-0.25,0.38,0.75
41,7,44727.00,41.00,43.00,0.00,0.00,0.00,0.00,0.00,0.00,0.00
17,1,5853.00,-7.95,0.00,5.74
13,0,28.41,985.35,0.00
17,1,5853.00,-7.95,0.00,5.74
13,6,5.00,0.00,5.00
17,1,5853.00,-7.95,0.00,5.74
41,7,45466.00,41.00,0.00,0.00,0.00,0.00,0.00,0.00,0.00,0.00
13,0,28.43,985.41,0.00
41,7,45650.00,41.00,43.00,45.00,0.00,inf,3.00,0.00,0.00,0.00
13,0,985.38,0.00,0.00
17,1,5853.00,-7.95,0.00,5.74
21,4,0.74,-0.25,0.39,0.50,0.74
13,6,5.00,0.00,5.00
17,1,5853.00,-7.95,0.00,5.74
21,4,-0.25,0.39,0.50,0.38,0.75
41,7,46390.00,41.00,43.00,0.00,0.00,0.00,0.00,0.00,0.00,0.00
17,1,5853.00,-7.95,0.00,5.74
13,0,28.44,985.35,0.00
17,1,5853.00,-7.95,0.00,5.74
13,6,5.00,0.00,5.00
17,1,5853.00,-7.95,0.00,5.74
41,7,47131.00,41.00,0.00,0.00,0.00,0.00,0.00,0.00,0.00,0.00
13,0,28.45,985.37,0.00
41,7,47314.00,41.00,43.00,45.00,0.00,inf,3.00,0.00,0.00,0.00
13,0,985.36,0.00,0.00
17,1,5853.00,-7.95,0.00,5.74
21,4,0.39,0.50,0.50,0.38,0.75
13,6,5.00,0.00,5.00
17,1,5853.00,-7.95,0.00,5.74
13,6,5.00,0.00,5.00
17,1,5853.00,-7.95,0.00,5.74
13,6,5.00,0.00,5.00
21,4,0.50,0.39,0.50,0.38,0.75
13,6,5.00,0.00,5.00
13,0,985.30,0.00,0.00
41,7,49160.00,41.00,43.00,45.00,0.00,inf,3.00,0.00,0.00,0.00
17,1,5853.00,-7.95,0.00,5.74
13,0,28.48,985.34,0.00
17,1,5853.00,-7.95,0.00,5.74
13,6,5.00,0.00,5.00
21,4,0.73,-0.25,0.39,0.50,0.75
13,6,5.00,0.00,5.00
17,1,5853.00,-7.95,0.00,5.74
21,4,-0.25,0.39,0.50,0.38,0.75
41,7,50270.00,41.00,43.00,45.00,0.00,0.00,0.00,0.00,0.00,0.00
17,1,5853.00,-7.95,0.00,5.74
13,0,28.48,985.32,0.00
17,1,5853.00,-7.95,0.00,5.74
13,6,5.00,0.00,5.00
17,1,5853.00,-7.95,0.00,5.74
41,7,51009.00,41.00,43.00,45.00,0.00,inf,3.00,0.00,0.00,0.00
13,0,28.48,985.33,0.00
13,0,985.29,0.00,0.00
17,1,5853.00,-7.95,0.00,5.74
13,6,5.00,0.00,5.00
17,1,5853.00,-7.95,0.00,5.74
21,4,0.39,0.50,0.50,0.38,0.75
41,7,51744.00,41.00,43.00,0.00,0.00,0.00,0.00,0.00,0.00,0.00
13,0,985.30,0.00,0.00
17,1,5853.00,-7.95,0.00,5.74
21,4,0.50,0.39,0.50,0.38,0.75
13,6,5.00,0.00,5.00
17,1,5853.00,-7.95,0.00,5.74
21,4,0.73,-0.25,0.39,0.50,0.75
41,7,52481.00,41.00,3.00,0.00,0.00,0.00,0.00,0.00,0.00,0.00
17,1,5853.00,-7.95,0.00,5.74
41,7,52668.00,418.00,0.00,339581.00,0.00,0.00,0.00,0.00,0.00,0.00
13,0,28.49,985.39,0.00
13,0,985.32,0.00,0.00
17,1,5853.00,-7.95,0.00,5.74
21,4,-0.25,0.39,0.50,0.74,-0.25
41,7,53037.00,41.00,43.00,45.00,0.00,0.00,0.00,0.00,0.00,0.00
17,1,5853.00,-7.95,0.00,5.74
13,0,28.49,985.32,0.00
17,1,5853.00,-7.95,0.00,5.74
21,4,0.38,0.50,0.50,0.38,0.75
41,7,53408.00,41.00,43.00,45.00,0.00,0.00,0.00,0.00,0.00,0.00
13,0,985.35,0.00,0.00
17,1,5853.00,-7.95,0.00,5.74
13,6,5.00,0.00,5.00
13,0,985.34,0.00,0.00
17,1,5853.00,-7.95,0.00,5.74
21,4,0.50,0.50,0.50,0.38,0.75
13,6,5.00,0.00,5.00
13,0,985.36,0.00,0.00
17,1,5853.00,-7.95,0.00,5.74
13,6,5.00,0.00,5.00
17,1,5853.00,-7.95,0.00,5.74
13,6,5.00,0.00,5.00
13,0,3866.00,28.49,985.31
13,0,4063.00,28.49,985.38
17,3,3889.00,73.44,17.94,6.94
13,6,0.00,0.00,0.00
21,4,4251.00,0.71,-0.28,0.42,0.49
13,6,0.00,0.00,0.00
21,4,0.71,-0.28,0.42,0.49,0.00
41,7,5798.00,41.00,43.00,45.00,0.00,inf,1.00,3.00,0.00,0.00
13,0,5620.00,28.50,985.31
41,7,5988.00,41.00,43.00,45.00,0.00,inf,0.00,0.00,0.00,0.00
13,0,5799.00,28.49,985.32
13,0,5989.00,28.50,985.33
17,1,4987.00,-8.38,0.16,4.86
21,4,-0.28,0.42,0.49,0.71,-0.28
41,7,6359.00,41.00,43.00,45.00,0.00,inf,0.00,0.00,0.00,0.00
13,0,6174.00,28.50,985.34
13,0,6360.00,28.50,985.33
17,1,5628.00,-8.42,0.12,4.89
21,4,0.42,0.49,0.00,0.00,0.00
41,7,6728.00,41.00,43.00,45.00,0.00,inf,3.00,0.00,0.00,0.00
13,0,6543.00,28.49,985.32
13,0,6729.00,28.49,985.33
17,1,5628.00,-8.42,0.12,4.89
17,3,6739.00,74.25,17.75,7.44
13,6,5.00,0.00,0.00
17,1,5628.00,-8.42,0.12,4.89
17,3,7110.00,73.37,16.62,7.69
13,6,0.00,0.00,5.00
17,1,5628.00,-8.42,0.12,4.89
21,4,0.49,0.49,0.00,0.00,0.00
41,7,7839.00,41.00,43.00,45.00,0.00,inf,0.00,0.00,0.00,0.00
13,0,7657.00,28.48,985.37
13,0,7841.00,28.47,985.38
17,1,5628.00,-8.42,0.12,4.89
13,6,0.00,0.00,5.00
17,1,5628.00,-8.42,0.12,4.89
13,6,0.00,0.00,5.00
41,7,8763.00,4.00,0.00,0.00,0.00,0.00,0.00,0.00,0.00,0.00
13,0,8578.00,28.49,985.31
13,0,8764.00,28.49,985.36
