13,0,9872.00,28.49,985.39
13,0,10058.00,28.49,985.31
17,1,5628.00,-8.42,0.12,4.89
21,4,0.71,-0.28,0.42,0.49,0.71
41,7,10427.00,4.00,0.00,0.00,0.00,0.00,0.00,0.00,0.00,0.00
13,0,10242.00,28.50,985.38
13,0,10428.00,28.49,985.30
17,1,5628.00,-8.42,0.12,4.89
21,4,-0.28,0.42,0.49,0.71,-0.28
41,7,10797.00,41.00,43.00,45.00,0.00,inf,0.00,0.00,0.00,0.00
13,0,10612.00,28.48,985.39
13,0,10799.00,28.48,985.34
17,1,5628.00,-8.42,0.12,4.89
21,4,0.42,0.49,0.49,0.00,0.00
41,7,11168.00,41.00,43.00,45.00,0.00,inf,0.00,0.00,0.00,0.00
13,0,10982.00,28.48,985.29
13,0,11169.00,28.48,985.40
17,1,5628.00,-8.42,0.12,4.89
13,6,0.00,5.00,0.00
13,0,11539.00,28.48,985.35
13,0,11725.00,28.48,985.35
17,1,5628.00,-8.42,0.12,4.89
21,4,0.49,0.49,0.49,0.00,0.00
41,7,12095.00,4.00,3200.00,6872.00,0.00,0.00,0.00,0.00,0.00,0.00
13,0,11909.00,28.48,985.30
41,7,12279.00,41.00,43.00,45.00,0.00,inf,0.00,0.00,0.00,0.00
13,0,12097.00,28.48,985.37
13,0,12280.00,28.48,985.35
17,1,5628.00,-8.42,0.12,4.89
13,6,5.00,0.00,0.00
17,1,5628.00,-8.42,0.12,4.89
13,6,5.00,0.00,0.00
13,0,13015.00,28.46,985.32
13,0,13201.00,28.46,985.33
17,1,5628.00,-8.42,0.12,4.89
21,4,0.71,-0.27,0.42,0.49,0.00
41,7,13570.00,41.00,43.00,45.00,0.00,0.00,0.00,0.00,0.00,0.00
13,0,13384.00,28.45,985.36
41,7,13755.00,41.00,43.00,45.00,0.00,inf,0.00,0.00,0.00,0.00
13,0,13571.00,28.44,985.32
