Feather LoRa TX Test!
41,7,4324.00,41.00,43.00,45.00,30000000.00,3.00,3.00,0.00,0.00,0.00
13,0,4981.00,28.10,985.25
41,7,5615.00,41.00,43.00,45.00,30000000.00,3.00,3.00,0.00,0.00,0.00
13,0,5616.00,28.09,985.24
41,7,5615.00,41.00,43.00,45.00,30000000.00,3.00,3.00,0.00,0.00,0.00
13,0,5616.00,28.09,985.24
41,7,5615.00,41.00,43.00,45.00,30000000.00,3.00,3.00,0.00,0.00,0.00
13,0,5616.00,28.09,985.24
41,7,5615.00,41.00,43.00,45.00,30000000.00,3.00,3.00,0.00,0.00,0.00
13,0,5616.00,28.09,985.24
41,7,5615.00,41.00,43.00,45.00,30000000.00,3.00,3.00,0.00,0.00,0.00
13,0,5616.00,28.09,985.24
41,7,5615.00,41.00,43.00,45.00,30000000.00,3.00,3.00,0.00,0.00,0.00
13,0,5616.00,28.09,985.24
41,7,5615.00,41.00,43.00,45.00,30000000.00,3.00,3.00,0.00,0.00,0.00
13,0,5616.00,28.09,985.24
41,7,5615.00,41.00,43.00,45.00,30000000.00,3.00,3.00,0.00,0.00,0.00
13,0,5616.00,28.09,985.24
41,7,54950.00,41.00,43.00,45.00,0.00,0.00,0.00,0.00,0.00,0.00
13,0,5616.00,28.09,985.24
41,7,55132.00,41.00,43.00,0.00,0.00,0.00,0.00,0.00,0.00,0.00
13,0,5616.00,28.09,985.24
41,7,55497.00,41.00,43.00,45.00,30000000.00,3.00,3.00,0.00,0.00,0.00
13,0,5616.00,28.09,985.24
13,0,5616.00,28.09,985.24
17,1,5638.00,-2.87,-4.36,-8.52
17,2,14663.00,-0.02,-0.09,-0.49
17,3,8854.00,19.19,43.69,46.69
41,7,55861.00,41.00,43.00,45.00,30000000.00,3.00,0.00,0.00,0.00,0.00
13,0,5616.00,28.09,985.24
13,0,5616.00,28.09,985.24
17,1,6929.00,-2.30,-4.55,-8.32
17,2,20455.00,-0.07,0.21,-0.03
17,3,10797.00,46.06,45.88,49.50
41,7,56227.00,41.00,43.00,45.00,30000000.00,3.00,0.00,0.00,0.00,0.00
13,0,5616.00,28.09,985.24
13,0,5616.00,28.09,985.24
17,1,6929.00,-2.30,-4.55,-8.32
17,2,20455.00,-0.07,0.21,-0.03
17,3,10797.00,46.06,45.88,49.50
41,7,56592.00,5.00,0.00,88.00,45.00,30000000.00,3.00,3.00,0.00,0.00
13,0,5616.00,28.09,985.24
41,7,56777.00,41.00,43.00,45.00,30000000.00,3.00,3.00,0.00,0.00,0.00
13,0,5616.00,28.09,985.24
13,0,5616.00,28.09,985.24
17,1,6929.00,-2.30,-4.55,-8.32
17,2,20455.00,-0.07,0.21,-0.03
17,3,10797.00,46.06,45.88,49.50
41,7,57142.00,41.00,43.00,45.00,30000000.00,3.00,0.00,0.00,0.00,0.00
13,0,5616.00,28.09,985.24
13,0,5616.00,28.09,985.24
17,1,6929.00,-2.30,-4.55,-8.32
17,2,20455.00,-0.07,0.21,-0.03
17,3,10797.00,46.06,45.88,49.50
41,7,57507.00,41.00,43.00,45.00,30000000.00,3.00,0.00,0.00,0.00,0.00
13,0,5616.00,28.09,985.24
41,7,57688.00,41.00,43.00,45.00,30000000.00,3.00,3.00,0.00,0.00,0.00
13,0,5616.00,28.09,985.24
13,0,5616.00,28.09,985.24
17,1,6929.00,-2.30,-4.55,-8.32
17,2,20455.00,-0.07,0.21,-0.03
17,3,10797.00,46.06,45.88,49.50
13,0,5616.00,28.09,985.24
17,1,6929.00,-2.30,-4.55,-8.32
17,2,20455.00,-0.07,0.21,-0.03
17,3,10797.00,46.06,45.88,49.50
41,7,58237.00,41.00,43.00,488.00,0.00,0.00,0.00,0.00,0.00,0.00
13,0,5616.00,28.09,985.24
41,7,58422.00,41.00,43.00,45.00,30000000.00,3.00,0.00,0.00,0.00,0.00
13,0,5616.00,28.09,985.24
13,0,5616.00,28.09,985.24
17,1,6929.00,-2.30,-4.55,-8.32
17,2,20455.00,-0.07,0.21,-0.03
17,3,10797.00,46.06,45.88,49.50
41,7,58787.00,41.00,43.00,45.00,30000000.00,3.00,3.00,0.00,0.00,0.00
13,0,5616.00,28.09,985.24
41,7,58968.00,41.00,43.00,45.00,30000000.00,3.00,0.00,0.00,0.00,0.00
13,0,5616.00,28.09,985.24
41,7,59152.00,41.00,43.00,0.00,0.00,0.00,0.00,0.00,0.00,0.00
13,0,5616.00,28.09,985.24
13,0,5616.00,28.09,985.24
17,1,6929.00,-2.30,-4.55,-8.32
17,2,20455.00,-0.07,0.21,-0.03
17,3,10797.00,46.06,45.88,49.50
41,7,59518.00,41.00,43.00,45.00,3.00,46.00,0.00,0.00,0.00,0.00
13,0,5616.00,28.09,985.24
41,7,59699.00,41.00,43.00,5.00,48.00,46.00,0.00,0.00,0.00,0.00
13,0,5616.00,28.09,985.24
13,0,5616.00,28.09,985.24
17,1,6929.00,-2.30,-4.55,-8.32
17,2,20455.00,-0.07,0.21,-0.03
17,3,10797.00,46.06,45.88,49.50
41,7,60063.00,41.00,43.00,45.00,30000000.00,3.00,3.00,0.00,0.00,0.00
13,0,5616.00,28.09,985.24
41,7,60248.00,41.00,43.00,45.00,30000000.00,3.00,0.00,0.00,0.00,0.00
13,0,5616.00,28.09,985.24
41,7,60429.00,41.00,43.00,0.00,0.00,0.00,0.00,0.00,0.00,0.00
13,0,5616.00,28.09,985.24
13,0,5616.00,28.09,985.24
17,1,6929.00,-2.30,-4.55,-8.32
17,2,20455.00,-0.07,0.21,-0.03
17,3,10797.00,46.06,45.88,49.50
41,7,60795.00,41.00,43.00,45.00,48.00,46.00,0.00,0.00,0.00,0.00
13,0,5616.00,28.09,985.24
41,7,60980.00,41.00,43.00,45.00,30000000.00,3.00,0.00,0.00,0.00,0.00
13,0,5616.00,28.09,985.24
13,0,5616.00,28.09,985.24
17,1,6929.00,-2.30,-4.55,-8.32
17,3,10797.00,46.06,45.88,49.50
13,6,0.00,0.00,5.00
13,0,5616.00,28.09,985.24
17,1,6929.00,-2.30,-4.55,-8.32
17,3,77438.00,44.06,25.81,53.25
13,6,0.00,5.00,0.00
13,0,5616.00,28.09,985.24
17,1,6929.00,-2.30,-4.55,-8.32
21,4,9508.00,0.27,-0.95,-0.05,-0.13
13,0,5616.00,28.09,985.24
17,1,6929.00,-2.30,-4.55,-8.32
21,4,9508.00,0.27,-0.95,-0.05,-0.13
41,7,81790.00,0.00,0.00,0.00,0.00,0.00,0.00,0.00,0.00,0.00
13,0,5616.00,28.09,985.24
13,0,5616.00,28.09,985.24
17,1,6929.00,-2.30,-4.55,-8.32
21,4,9508.00,0.27,-0.95,-0.05,-0.13
41,7,82155.00,41.00,0.00,0.00,0.00,0.00,0.00,0.00,0.00,0.00
13,0,5616.00,28.09,985.24
41,7,82339.00,41.00,43.00,45.00,30000000.00,3.00,0.00,0.00,0.00,0.00
13,0,5616.00,28.09,985.24
41,7,82521.00,41.00,43.00,45.00,3.00,0.00,0.00,0.00,0.00,0.00
13,0,5616.00,28.09,985.24
41,7,82705.00,41.00,43.00,45.00,30000000.00,3.00,3.00,0.00,0.00,0.00
13,0,5616.00,28.09,985.24
13,0,5616.00,28.09,985.24
17,1,6929.00,-2.30,-4.55,-8.32
17,3,82715.00,-4.12,-8.38,41.19
13,6,0.00,5.00,0.00
13,0,5616.00,28.09,985.24
17,1,6929.00,-2.30,-4.55,-8.32
17,3,87995.00,-11.38,-21.44,36.44
13,6,0.00,5.00,0.00
13,0,5616.00,28.09,985.24
17,1,6929.00,-2.30,-4.55,-8.32
17,3,90640.00,37.69,-35.06,27.25
13,6,0.00,5.00,0.00
41,7,95646.00,41.00,0.00,0.00,0.00,0.00,0.00,0.00,0.00,0.00
13,0,5616.00,28.09,985.24
41,7,95831.00,41.00,43.00,45.00,30000000.00,3.00,0.00,0.00,0.00,0.00
13,0,5616.00,28.09,985.24
13,0,5616.00,28.09,985.24
17,1,6929.00,-2.30,-4.55,-8.32
17,3,91731.00,21.62,-38.94,28.50
13,6,0.00,5.00,0.00
13,0,3680.00,28.61,985.30
13,6,0.00,0.00,0.00
13,0,6953.00,28.47,985.27
17,1,6418.00,0.15,9.50,-0.93
13,6,0.00,5.00,0.00
41,7,10403.00,41.00,0.00,0.00,0.00,0.00,0.00,0.00,0.00,0.00
13,0,985.27,0.00,0.00
41,7,10583.00,41.00,43.00,45.00,30000000.00,3.00,0.00,0.00,0.00,0.00
17,1,6598.00,0.23,9.50,-0.93
13,0,28.38,985.28,0.00
17,1,6598.00,0.23,9.50,-0.93
21,4,0.62,0.67,0.30,0.29,0.62
41,7,10949.00,41.00,43.00,45.00,30000000.00,3.00,0.00,0.00,0.00,0.00
13,0,985.25,0.00,0.00
17,1,6598.00,0.23,9.50,-0.93
21,4,0.67,0.30,0.29,0.00,0.00
13,6,5.00,0.00,0.00
17,1,6598.00,0.23,9.50,-0.93
13,6,0.00,5.00,0.00
17,1,6598.00,0.23,9.50,-0.93
21,4,0.30,0.67,0.64,0.31,0.22
13,6,5.00,0.00,0.00
41,7,22399.00,41.00,43.00,45.00,3.00,0.00,0.00,0.00,0.00,0.00
13,0,985.23,0.00,0.00
41,7,22583.00,41.00,43.00,45.00,30000000.00,3.00,0.00,0.00,0.00,0.00
17,1,6598.00,0.23,9.50,-0.93
13,0,28.18,985.21,0.00
17,1,6598.00,0.23,9.50,-0.93
21,4,0.35,0.34,0.30,0.00,0.00
13,0,985.29,0.00,0.00
17,1,6598.00,0.23,9.50,-0.93
21,4,0.34,0.29,0.30,0.00,0.00
41,7,23132.00,41.00,0.00,0.00,0.00,0.00,0.00,0.00,0.00,0.00
17,1,6598.00,0.23,9.50,-0.93
41,7,23314.00,41.00,0.00,0.00,0.00,0.00,0.00,0.00,0.00,0.00
13,0,28.14,985.22,0.00
41,7,23498.00,41.00,0.00,5.00,0.00,0.00,0.00,0.00,0.00,0.00
13,0,985.25,0.00,0.00
41,7,23679.00,41.00,43.00,45.00,33.00,inf,0.00,0.00,0.00,0.00
17,1,6598.00,0.23,9.50,-0.93
13,0,28.13,985.23,0.00
17,1,6598.00,0.23,9.50,-0.93
13,6,0.00,5.00,0.00
17,1,6598.00,0.23,9.50,-0.93
21,4,0.34,0.60,0.64,0.35,0.34
41,7,28776.00,41.00,43.00,45.00,0.00,0.00,0.00,0.00,0.00,0.00
13,0,28.03,985.22,0.00
41,7,28956.00,41.00,0.00,0.00,0.00,0.00,0.00,0.00,0.00,0.00
13,0,985.17,0.00,0.00
41,7,29141.00,41.00,43.00,45.00,3.00,0.00,0.00,0.00,0.00,0.00
17,1,6598.00,0.23,9.50,-0.93
41,7,29323.00,41.00,43.00,45.00,30000000.00,3.00,0.00,0.00,0.00,0.00
13,0,28.05,985.25,0.00
41,7,29507.00,41.00,43.00,45.00,30000000.00,3.00,3.00,0.00,0.00,0.00
13,0,985.26,0.00,0.00
41,7,29687.00,41.00,0.00,0.00,0.00,0.00,0.00,0.00,0.00,0.00
17,1,6598.00,0.23,9.50,-0.93
41,7,29871.00,41.00,43.00,45.00,0.00,0.00,0.00,0.00,0.00,0.00
13,0,28.04,985.22,0.00
13,0,985.21,0.00,0.00
17,1,6598.00,0.23,9.50,-0.93
21,4,0.60,0.64,0.35,0.34,0.60
41,7,30236.00,41.00,43.00,45646.00,3.00,0.00,0.00,0.00,0.00,0.00
17,1,6598.00,0.23,9.50,-0.93
13,0,28.03,985.24,0.00
17,1,6598.00,0.23,9.50,-0.93
21,4,0.64,0.35,0.34,0.60,0.64
41,7,30601.00,41.00,43.00,45.00,3.00,0.00,0.00,0.00,0.00,0.00
13,0,985.22,0.00,0.00
41,7,30783.00,41.00,43.00,45.00,30000000.00,3.00,0.00,0.00,0.00,0.00
17,1,6598.00,0.23,9.50,-0.93
41,7,30968.00,41.00,43.00,45.00,30000000.00,3.00,3.00,0.00,0.00,0.00
13,0,28.03,985.24,0.00
41,7,31150.00,41.00,4.00,5.00,0.00,0.00,0.00,0.00,0.00,0.00
13,0,985.27,0.00,0.00
17,1,6598.00,0.23,9.50,-0.93
21,4,0.35,0.34,0.34,0.00,0.00
13,6,5.00,0.00,0.00
13,0,985.19,0.00,0.00
17,1,6598.00,0.23,9.50,-0.93
21,4,0.34,0.60,0.64,0.35,0.34
41,7,39536.00,41.00,43.00,453888.00,0.00,0.00,0.00,0.00,0.00,0.00
17,1,6598.00,0.23,9.50,-0.93
13,0,28.09,985.20,0.00
17,1,6598.00,0.23,9.50,-0.93
21,4,0.60,0.64,0.35,0.34,0.34
13,0,985.18,0.00,0.00
17,1,6598.00,0.23,9.50,-0.93
13,6,5.00,0.00,0.00
,6598.00,0.23,9.50,-0.93
13,6,0.00,5.00,0.00
41,7,46916.00,41.00,0.00,0.00,0.00,0.00,0.00,0.00,0.00,0.00
13,0,985.20,0.00,0.00
41,7,47096.00,41.00,0.00,0.00,0.00,0.00,0.00,0.00,0.00,0.00
17,1,6598.00,0.23,9.50,-0.93
41,7,47279.00,41.00,43.00,45.00,30000000.00,3.00,0.00,0.00,0.00,0.00
13,0,28.15,985.22,0.00
13,0,985.24,0.00,0.00
17,1,6598.00,0.23,9.50,-0.93
21,4,0.34,0.60,0.64,0.35,0.34
41,7,47646.00,41.00,43.00,45.00,30000000.00,3.00,3.00,0.00,0.00,0.00
17,1,6598.00,0.23,9.50,-0.93
41,7,47826.00,41.00,0.00,0.00,0.00,0.00,0.00,0.00,0.00,0.00
13,0,28.14,985.21,0.00
41,7,48010.00,41.00,43.00,45.00,30000000.00,3.00,0.00,0.00,0.00,0.00
13,0,985.21,0.00,0.00
41,7,48191.00,41.00,43.00,0.00,0.00,0.00,0.00,0.00,0.00,0.00
17,1,6598.00,0.23,9.50,-0.93
41,7,48376.00,41.00,0.00,0.00,0.00,0.00,0.00,0.00,0.00,0.00
13,0,28.15,985.19,0.00
41,7,48557.00,41.00,0.00,0.00,0.00,0.00,0.00,0.00,0.00,0.00
13,0,985.21,0.00,0.00
41,7,48740.00,41.00,43.00,45.00,0.00,0.00,0.00,0.00,0.00,0.00
17,1,6598.00,0.23,9.50,-0.93
41,7,48923.00,41.00,43.00,3.00,5.00,0.00,0.00,0.00,inf,0.00
13,0,28.14,985.23,0.00
13,0,985.19,0.00,0.00
17,1,6598.00,0.23,9.50,-0.93
21,4,0.60,0.64,0.35,0.34,0.34
41,7,49287.00,41.00,0.00,0.00,0.00,0.00,0.00,0.00,0.00,0.00
17,1,6598.00,0.23,9.50,-0.93
41,7,49469.00,41.00,43.00,0.00,0.00,0.00,0.00,0.00,0.00,0.00
13,0,28.12,985.21,0.00
41,7,49652.00,41.00,43.00,45.00,30000000.00,3.00,0.00,0.00,0.00,0.00
13,0,985.18,0.00,0.00
41,7,49836.00,41.00,43.00,0.00,0.00,0.00,0.00,0.00,0.00,0.00
17,1,6598.00,0.23,9.50,-0.93
41,7,50019.00,41.00,0.00,0.00,0.00,0.00,0.00,0.00,0.00,0.00
13,0,28.14,985.18,0.00
41,7,50201.00,41.00,0.00,0.00,0.00,0.00,0.00,0.00,0.00,0.00
13,0,985.14,0.00,0.00
41,7,50386.00,41.00,43.00,45.00,0.00,0.00,0.00,0.00,0.00,0.00
17,1,6598.00,0.23,9.50,-0.93
41,7,50566.00,41.00,43.00,45.00,30000000.00,3.00,3.00,0.00,0.00,0.00
13,0,28.13,985.21,0.00
13,0,985.18,0.00,0.00
17,1,6598.00,0.23,9.50,-0.93
21,4,0.64,0.35,0.34,0.60,0.64
17,1,6598.00,0.23,9.50,-0.93
21,4,0.35,0.34,0.60,0.64,0.35
13,6,0.00,0.00,5.00
41,7,59861.00,41.00,43.00,0.00,0.00,0.00,0.00,0.00,0.00,0.00
13,0,28.20,985.25,0.00
13,0,985.23,0.00,0.00
17,1,6598.00,0.23,9.50,-0.93
21,4,0.60,0.64,0.35,0.34,0.60
41,7,60227.00,41.00,43.00,0.00,0.00,0.00,0.00,0.00,0.00,0.00
17,1,6598.00,0.23,9.50,-0.93
41,7,60408.00,41.00,43.00,45.00,30000000.00,3.00,3.00,0.00,0.00,0.00
13,0,28.21,985.26,0.00
13,0,985.21,0.00,0.00
17,1,6598.00,0.23,9.50,-0.93
21,4,0.64,0.35,0.34,0.60,0.64
41,7,60774.00,41.00,0.00,0.00,0.00,0.00,0.00,0.00,0.00,0.00
17,1,6598.00,0.23,9.50,-0.93
41,7,60959.00,41.00,0.00,0.00,0.00,0.00,0.00,0.00,0.00,0.00
13,0,28.21,985.29,0.00
13,0,985.21,0.00,0.00
17,1,6598.00,0.23,9.50,-0.93
21,4,0.35,0.34,0.34,0.34,0.60
41,7,61323.00,41.00,43.00,0.00,0.00,0.00,0.00,0.00,0.00,0.00
17,1,6598.00,0.23,9.50,-0.93
41,7,61504.00,41.00,43.00,45.00,30000000.00,3.00,0.00,0.00,0.00,0.00
13,0,28.21,985.17,0.00
41,7,61689.00,41.00,43.00,0.00,0.00,0.00,0.00,0.00,0.00,0.00
13,0,985.16,0.00,0.00
17,1,6598.00,0.23,9.50,-0.93
21,4,0.34,0.60,0.64,0.35,0.34
13,6,0.00,0.00,0.00
41,7,68716.00,41.00,43.00,45.00,0.00,0.00,0.00,0.00,0.00,0.00
13,0,985.25,28.27,985.13
41,7,68902.00,41.00,0.00,0.00,0.00,0.00,0.00,0.00,0.00,0.00
13,0,28.29,985.19,0.00
41,7,69082.00,41.00,43.00,0.00,0.00,0.00,0.00,0.00,0.00,0.00
13,0,985.19,0.00,0.00
41,7,69265.00,41.00,43.00,45.00,30000000.00,3.00,0.00,0.00,0.00,0.00
17,1,6598.00,0.23,9.50,-0.93
41,7,69448.00,41.00,43.00,45.00,30000000.00,0.00,0.00,0.00,0.00,0.00
13,0,28.29,985.21,0.00
41,7,69632.00,41.00,43.00,0.00,0.00,0.00,0.00,0.00,0.00,0.00
13,0,985.17,0.00,0.00
41,7,69814.00,41.00,43.00,45.00,30000000.00,3.00,0.00,0.00,0.00,0.00
17,1,6598.00,0.23,9.50,-0.93
41,7,69997.00,41.00,43.00,45.00,0.00,0.00,0.00,0.00,0.00,0.00
13,0,28.29,985.20,0.00
41,7,70180.00,41.00,0.00,0.00,0.00,0.00,0.00,0.00,0.00,0.00
13,0,985.14,0.00,0.00
41,7,70362.00,41.00,43.00,0.00,0.00,0.00,0.00,0.00,0.00,0.00
17,1,6598.00,0.23,9.50,-0.93
41,7,70547.00,41.00,43.00,45.00,30000000.00,3.00,0.00,0.00,0.00,0.00
13,0,28.25,985.18,0.00
41,7,70728.00,41.00,43.00,45.00,30000000.00,0.00,0.00,0.00,0.00,0.00
13,0,985.17,0.00,0.00
41,7,70913.00,41.00,43.00,0.00,0.00,0.00,0.00,0.00,0.00,0.00
17,1,6598.00,0.23,9.50,-0.93
41,7,71094.00,41.00,43.00,45.00,30000000.00,3.00,3.00,0.00,0.00,0.00
13,0,28.26,985.16,0.00
41,7,71276.00,41.00,43.00,45.00,0.00,0.00,0.00,0.00,0.00,0.00
13,0,985.23,0.00,0.00
41,7,71457.00,41.00,0.00,0.00,0.00,0.00,0.00,0.00,0.00,0.00
17,1,6598.00,0.23,9.50,-0.93
41,7,71642.00,41.00,43.00,0.00,0.00,0.00,0.00,0.00,0.00,0.00
13,0,28.28,985.20,0.00
41,7,71823.00,41.00,43.00,45.00,30000000.00,3.00,0.00,0.00,0.00,0.00
13,0,985.22,0.00,0.00
41,7,72008.00,41.00,43.00,45.00,30000000.00,1.00,3.00,5.00,0.00,0.00
17,1,6598.00,0.23,9.50,-0.93
13,0,28.26,985.19,0.00
17,1,6598.00,0.23,9.50,-0.93
17,2,0.00,0.00,0.00,68730.00
13,6,0.00,0.00,0.00
41,7,80037.00,41.00,43.00,45.00,0.00,0.00,0.00,0.00,0.00,0.00
13,0,985.21,0.00,0.00
41,7,80218.00,41.00,43.00,0.00,0.00,0.00,0.00,0.00,0.00,0.00
17,1,6598.00,0.23,9.50,-0.93
41,7,80402.00,41.00,43.00,45.00,30000000.00,3.00,0.00,0.00,0.00,0.00
13,0,28.22,985.21,0.00
41,7,80584.00,41.00,43.00,45.00,30000000.00,3.00,3.00,0.00,0.00,0.00
13,0,985.22,0.00,0.00
41,7,80769.00,41.00,0.00,0.00,0.00,0.00,0.00,0.00,0.00,0.00
17,1,6598.00,0.23,9.50,-0.93
41,7,80950.00,41.00,43.00,0.00,0.00,0.00,0.00,0.00,0.00,0.00
13,0,28.19,985.25,0.00
41,7,81135.00,41.00,43.00,45.00,30000000.00,3.00,3.00,0.00,0.00,0.00
13,0,985.24,0.00,0.00
41,7,81316.00,41.00,43.00,45.00,0.00,0.00,0.00,0.00,0.00,0.00
17,1,6598.00,0.23,9.50,-0.93
41,7,81500.00,41.00,43.00,0.00,0.00,0.00,0.00,0.00,0.00,0.00
13,0,28.20,985.23,0.00
41,7,81682.00,41.00,43.00,45.00,30000000.00,3.00,0.00,0.00,0.00,0.00
13,0,985.20,0.00,0.00
41,7,81866.00,41.00,43.00,45.00,30000000.00,3.00,3.00,0.00,0.00,0.00
17,1,6598.00,0.23,9.50,-0.93
41,7,82048.00,41.00,0.00,0.00,0.00,0.00,0.00,0.00,0.00,0.00
13,0,28.21,985.21,0.00
41,7,82231.00,41.00,0.00,0.00,0.00,0.00,0.00,0.00,0.00,0.00
13,0,985.26,0.00,0.00
41,7,82413.00,41.00,43.00,45.00,30000000.00,3.00,3.00,0.00,0.00,0.00
17,1,6598.00,0.23,9.50,-0.93
41,7,82598.00,41.00,43.00,45.00,0.00,0.00,0.00,0.00,0.00,0.00
13,0,28.18,985.26,0.00
41,7,82779.00,41.00,43.00,0.00,0.00,0.00,0.00,0.00,0.00,0.00
13,0,985.25,0.00,0.00
41,7,82962.00,41.00,43.00,45.00,30000000.00,3.00,0.00,0.00,0.00,0.00
17,1,6598.00,0.23,9.50,-0.93
41,7,83147.00,41.00,43.00,45.00,30000000.00,3.00,3.00,0.00,0.00,0.00
13,0,28.19,985.23,0.00
41,7,83327.00,41.00,0.00,0.00,0.00,0.00,0.00,0.00,0.00,0.00
13,0,985.25,0.00,0.00
41,7,83511.00,41.00,0.00,0.00,0.00,0.00,0.00,0.00,0.00,0.00
17,1,6598.00,0.23,9.50,-0.93
41,7,83692.00,41.00,43.00,45.00,30000000.00,3.00,3.00,0.00,0.00,0.00
13,0,28.19,985.26,0.00
41,7,83876.00,41.00,43.00,45.00,0.00,0.00,0.00,0.00,0.00,0.00
13,0,985.22,0.00,0.00
41,7,84057.00,41.00,43.00,0.00,0.00,0.00,0.00,0.00,0.00,0.00
17,1,6598.00,0.23,9.50,-0.93
41,7,84241.00,41.00,43.00,45.00,30000000.00,3.00,0.00,0.00,0.00,0.00
13,0,28.20,985.21,0.00
41,7,84422.00,41.00,43.00,45.00,30000000.00,3.00,3.00,0.00,0.00,0.00
13,0,985.22,0.00,0.00
41,7,84607.00,41.00,0.00,0.00,0.00,0.00,0.00,0.00,0.00,0.00
17,1,6598.00,0.23,9.50,-0.93
41,7,84788.00,41.00,0.00,0.00,0.00,0.00,0.00,0.00,0.00,0.00
13,0,28.21,985.21,0.00
41,7,84972.00,41.00,43.00,45.00,30000000.00,3.00,3.00,0.00,0.00,0.00
13,0,985.20,0.00,0.00
41,7,85154.00,41.00,43.00,45.00,0.00,0.00,0.00,0.00,0.00,0.00
17,1,6598.00,0.23,9.50,-0.93
41,7,85339.00,41.00,43.00,0.00,0.00,0.00,0.00,0.00,0.00,0.00
13,0,28.23,985.19,0.00
41,7,85519.00,41.00,43.00,45.00,30000000.00,3.00,0.00,0.00,0.00,0.00
13,0,985.21,0.00,0.00
41,7,85704.00,41.00,43.00,45.00,30000000.00,3.00,3.00,0.00,0.00,0.00
17,1,6598.00,0.23,9.50,-0.93
41,7,85885.00,41.00,0.00,0.00,0.00,0.00,0.00,0.00,0.00,0.00
13,0,28.26,985.20,0.00
41,7,86070.00,41.00,0.00,0.00,0.00,0.00,0.00,0.00,0.00,0.00
13,0,985.20,0.00,0.00
41,7,86251.00,41.00,43.00,45.00,0.00,46.00,4.00,0.00,0.00,0.00
17,1,6598.00,0.23,9.50,-0.93
41,7,86435.00,41.00,43.00,45.00,0.00,0.00,0.00,0.00,0.00,0.00
13,0,28.26,985.18,0.00
41,7,86617.00,41.00,43.00,0.00,0.00,0.00,0.00,0.00,0.00,0.00
13,0,985.21,0.00,0.00
41,7,86800.00,41.00,43.00,45.00,30000000.00,3.00,0.00,0.00,0.00,0.00
17,1,6598.00,0.23,9.50,-0.93
41,7,86983.00,41.00,43.00,45.00,30000000.00,3.00,3.00,0.00,0.00,0.00
13,0,28.25,985.18,0.00
41,7,87166.00,41.00,0.00,0.00,0.00,0.00,0.00,0.00,0.00,0.00
13,0,985.22,0.00,0.00
41,7,87350.00,41.00,0.00,0.00,0.00,0.00,0.00,0.00,0.00,0.00
17,1,6598.00,0.23,9.50,-0.93
41,7,87531.00,41.00,43.00,45.00,30000000.00,3.00,3.00,0.00,0.00,0.00
13,0,28.26,985.19,0.00
41,7,87715.00,41.00,43.00,45.00,0.00,0.00,0.00,0.00,0.00,0.00
13,0,985.25,0.00,0.00
41,7,87895.00,41.00,43.00,0.00,0.00,0.00,0.00,0.00,0.00,0.00
17,1,6598.00,0.23,9.50,-0.93
41,7,88081.00,41.00,43.00,45.00,30000000.00,3.00,0.00,0.00,0.00,0.00
13,0,28.26,985.20,0.00
41,7,88261.00,41.00,43.00,45.00,30000000.00,3.00,3.00,0.00,0.00,0.00
13,0,985.15,0.00,0.00
41,7,88445.00,41.00,0.00,0.00,0.00,0.00,0.00,0.00,0.00,0.00
17,1,6598.00,0.23,9.50,-0.93
41,7,88627.00,41.00,0.00,0.00,0.00,0.00,0.00,0.00,0.00,0.00
13,0,28.28,985.19,0.00
41,7,88811.00,41.00,43.00,45.00,30000000.00,3.00,3.00,0.00,0.00,0.00
13,0,985.20,0.00,0.00
41,7,88992.00,41.00,43.00,45.00,0.00,0.00,0.00,0.00,0.00,0.00
17,1,6598.00,0.23,9.50,-0.93
41,7,89177.00,41.00,43.00,0.00,0.00,0.00,0.00,0.00,0.00,0.00
13,0,28.27,985.19,0.00
41,7,89358.00,41.00,43.00,45.00,30000000.00,3.00,0.00,0.00,0.00,0.00
13,0,985.18,0.00,0.00
41,7,89542.00,41.00,43.00,45.00,30000000.00,3.00,3.00,0.00,0.00,0.00
17,1,6598.00,0.23,9.50,-0.93
41,7,89724.00,41.00,0.00,5.00,0.00,0.00,0.00,0.00,0.00,0.00
13,0,28.27,985.18,0.00
13,0,985.15,0.00,0.00
17,1,6598.00,0.23,9.50,-0.93
21,4,0.34,0.60,0.64,0.35,0.34
41,7,90090.00,41.00,0.00,0.00,0.00,0.00,0.00,0.00,0.00,0.00
17,1,6598.00,0.23,9.50,-0.93
41,7,90273.00,41.00,43.00,45.00,30000000.00,3.00,3.00,0.00,0.00,0.00
13,0,28.27,985.18,0.00
41,7,90456.00,41.00,43.00,45.00,0.00,0.00,0.00,0.00,0.00,0.00
13,0,985.22,0.00,0.00
41,7,90638.00,41.00,43.00,0.00,0.00,0.00,0.00,0.00,0.00,0.00
17,1,6598.00,0.23,9.50,-0.93
41,7,90821.00,41.00,43.00,45.00,30000000.00,3.00,0.00,0.00,0.00,0.00
13,0,28.25,985.17,0.00
41,7,91003.00,41.00,43.00,45.00,30000000.00,3.00,3.00,0.00,0.00,0.00
13,0,985.20,0.00,0.00
17,1,6598.00,0.23,9.50,-0.93
21,4,0.34,0.60,0.64,0.35,0.34
13,6,0.00,5.00,0.00
41,7,109944.00,41.00,4.00,0.00,0.00,0.00,0.00,0.00,0.00,0.00
13,0,985.22,0.00,0.00
17,1,6598.00,0.23,9.50,-0.93
21,4,0.34,0.60,0.64,0.35,0.34
13,6,912.00,0.00,0.00
41,7,113946.00,41.00,0.00,0.00,0.00,0.00,0.00,0.00,0.00,0.00
17,1,6598.00,0.23,9.50,-0.93
41,7,114130.00,41.00,43.00,0.00,0.00,0.00,0.00,0.00,0.00,0.00
13,0,28.25,985.18,0.00
41,7,114310.00,41.00,43.00,45.00,46.00,2.00,0.00,0.00,0.00,0.00
13,0,985.26,0.00,0.00
17,1,6598.00,0.23,9.50,-0.93
21,4,0.34,0.60,0.64,0.35,0.34
13,6,912.00,0.00,0.00
41,7,118129.00,41.00,43.00,0.00,0.00,0.00,0.00,0.00,0.00,0.00
13,0,985.22,0.00,0.00
41,7,118310.00,41.00,43.00,0.00,0.00,0.00,0.00,0.00,0.00,0.00
17,1,6598.00,0.23,9.50,-0.93
13,0,28.22,985.21,0.00
17,1,6598.00,0.23,9.50,-0.93
21,4,0.34,0.60,0.64,0.35,0.34
41,7,118675.00,41.00,0.00,0.00,0.00,0.00,0.00,0.00,0.00,0.00
13,0,985.19,0.00,0.00
41,7,118859.00,41.00,43.00,45.00,30000000.00,3.00,0.00,0.00,0.00,0.00
17,1,6598.00,0.23,9.50,-0.93
41,7,119044.00,41.00,43.00,45.00,0.00,0.00,0.00,0.00,0.00,0.00
13,0,28.22,985.22,0.00
41,7,119226.00,41.00,43.00,0.00,0.00,0.00,0.00,0.00,0.00,0.00
13,0,985.19,0.00,0.00
41,7,119411.00,41.00,4.00,0.00,0.00,0.00,0.00,0.00,0.00,0.00
17,1,6598.00,0.23,9.50,-0.93
13,0,28.23,985.26,0.00
17,1,6598.00,0.23,9.50,-0.93
21,4,0.34,0.60,0.64,0.35,0.34
41,7,119774.00,41.00,43.00,0.00,0.00,0.00,0.00,0.00,0.00,0.00
13,0,985.19,0.00,0.00
17,1,6598.00,0.23,9.50,-0.93
21,4,0.34,0.60,0.64,0.35,0.34
13,6,912.00,0.00,0.00
41,7,125060.00,41.00,43.00,45.00,0.00,0.00,0.00,0.00,0.00,0.00
13,0,28.23,985.21,0.00
41,7,125241.00,41.00,43.00,0.00,0.00,0.00,0.00,0.00,0.00,0.00
13,0,985.25,0.00,0.00
41,7,125425.00,41.00,4.00,0.00,0.00,0.00,0.00,0.00,0.00,0.00
17,1,6598.00,0.23,9.50,-0.93
13,0,28.22,985.24,0.00
17,1,6598.00,0.23,9.50,-0.93
21,4,0.34,0.60,0.64,0.35,0.34
41,7,125790.00,41.00,43.00,45.00,0.00,0.00,0.00,0.00,0.00,0.00
13,0,985.22,0.00,0.00
41,7,125971.00,41.00,0.00,0.00,0.00,0.00,0.00,0.00,0.00,0.00
17,1,6598.00,0.23,9.50,-0.93
41,7,126155.00,41.00,43.00,45.00,0.00,0.00,0.00,0.00,0.00,0.00
13,0,28.22,985.25,0.00
41,7,126337.00,41.00,43.00,0.00,0.00,0.00,0.00,0.00,0.00,0.00
13,0,985.23,0.00,0.00
41,7,126522.00,41.00,43.00,45.00,30000000.00,3.00,0.00,0.00,0.00,0.00
17,1,6598.00,0.23,9.50,-0.93
41,7,126704.00,41.00,43.00,45.00,0.00,0.00,0.00,0.00,0.00,0.00
13,0,28.21,985.24,0.00
41,7,126887.00,41.00,43.00,0.00,0.00,0.00,0.00,0.00,0.00,0.00
13,0,985.23,0.00,0.00
41,7,127069.00,41.00,0.00,0.00,0.00,0.00,0.00,0.00,0.00,0.00
17,1,6598.00,0.23,9.50,-0.93
13,0,28.18,985.25,0.00
17,1,6598.00,0.23,9.50,-0.93
21,4,0.34,0.60,0.64,0.35,0.34
41,7,127434.00,41.00,43.00,45.00,0.00,0.00,0.00,0.00,0.00,0.00
13,0,985.25,0.00,0.00
41,7,127617.00,41.00,0.00,0.00,0.00,0.00,0.00,0.00,0.00,0.00
17,1,6598.00,0.23,9.50,-0.93
41,7,127801.00,41.00,43.00,45.00,0.00,0.00,0.00,0.00,0.00,0.00
13,0,28.18,985.21,0.00
41,7,127984.00,41.00,43.00,0.00,0.00,0.00,0.00,0.00,0.00,0.00
13,0,985.20,0.00,0.00
41,7,128167.00,41.00,43.00,45.00,30000000.00,3.00,0.00,0.00,0.00,0.00
17,1,6598.00,0.23,9.50,-0.93
41,7,128348.00,41.00,43.00,45.00,0.00,0.00,0.00,0.00,0.00,0.00
13,0,28.18,985.25,0.00
41,7,128533.00,41.00,43.00,0.00,0.00,0.00,0.00,0.00,0.00,0.00
13,0,985.21,0.00,0.00
41,7,128714.00,41.00,0.00,0.00,0.00,0.00,0.00,0.00,0.00,0.00
17,1,6598.00,0.23,9.50,-0.93
13,0,28.21,985.24,0.00
17,1,6598.00,0.23,9.50,-0.93
17,2,-0.00,0.00,0.00,70009.00
13,6,912.00,0.00,0.00
41,7,138385.00,41.00,43.00,45.00,30000000.00,3.00,3.00,0.00,0.00,0.00
13,0,985.17,0.00,0.00
41,7,138565.00,41.00,0.00,0.00,0.00,0.00,0.00,0.00,0.00,0.00
17,1,6598.00,0.23,9.50,-0.93
41,7,138750.00,41.00,43.00,45.00,30000000.00,3.00,0.00,0.00,0.00,0.00
13,0,28.29,985.18,0.00
41,7,138931.00,41.00,43.00,45.00,30000000.00,3.00,3.00,0.00,0.00,0.00
13,0,985.18,0.00,0.00
41,7,139116.00,41.00,43.00,0.00,0.00,0.00,0.00,0.00,0.00,0.00
17,1,6598.00,0.23,9.50,-0.93
41,7,139297.00,41.00,43.00,45.00,30000000.00,3.00,0.00,0.00,0.00,0.00
13,0,28.28,985.21,0.00
41,7,139481.00,41.00,43.00,45.00,0.00,0.00,0.00,0.00,0.00,0.00
13,0,985.14,0.00,0.00
41,7,139663.00,41.00,43.00,45.00,30000000.00,3.00,3.00,0.00,0.00,0.00
17,1,6598.00,0.23,9.50,-0.93
41,7,139848.00,0.00,0.00,0.00,0.00,0.00,0.00,0.00,0.00,0.00
13,0,28.30,985.16,0.00
41,7,140029.00,41.00,43.00,45.00,0.00,0.00,0.00,0.00,0.00,0.00
13,0,985.16,0.00,0.00
41,7,140212.00,41.00,43.00,45.00,30000000.00,46.00,4.00,0.00,0.00,0.00
17,1,6598.00,0.23,9.50,-0.93
41,7,140395.00,41.00,43.00,30000000.00,3.00,3.00,0.00,0.00,0.00,0.00
13,0,28.31,985.18,0.00
13,0,985.17,0.00,0.00
17,1,6598.00,0.23,9.50,-0.93
21,4,0.34,0.60,0.64,0.35,0.34
41,7,140759.00,0.00,0.00,0.00,0.00,0.00,0.00,0.00,0.00,0.00
17,1,6598.00,0.23,9.50,-0.93
41,7,140942.00,41.00,43.00,45.00,0.00,0.00,0.00,0.00,0.00,0.00
13,0,28.30,985.11,0.00
41,7,141124.00,41.00,43.00,45.00,30000000.00,3.00,3.00,0.00,0.00,0.00
13,0,985.18,0.00,0.00
41,7,141307.00,0.00,0.00,0.00,0.00,0.00,0.00,0.00,0.00,0.00
17,1,6598.00,0.23,9.50,-0.93
41,7,141492.00,41.00,43.00,45.00,0.00,0.00,0.00,0.00,0.00,0.00
13,0,28.31,985.17,0.00
41,7,141674.00,41.00,43.00,45.00,30000000.00,3.00,3.00,4.00,888.00,0.00
13,0,985.21,0.00,0.00
17,1,6598.00,0.23,9.50,-0.93
21,4,0.34,0.60,0.64,0.35,0.34
13,6,912.00,0.00,0.00
41,7,148418.00,41.00,43.00,45.00,30000000.00,3.00,0.00,0.00,0.00,0.00
17,1,6598.00,0.23,9.50,-0.93
41,7,148602.00,41.00,43.00,0.00,0.00,0.00,0.00,0.00,0.00,0.00
13,0,28.38,985.17,0.00
41,7,148783.00,41.00,43.00,45.00,30000000.00,3.00,0.00,0.00,0.00,0.00
13,0,985.23,0.00,0.00
41,7,148966.00,0.00,0.00,0.00,0.00,0.00,0.00,0.00,0.00,0.00
17,1,6598.00,0.23,9.50,-0.93
41,7,149147.00,41.00,43.00,45.00,0.00,0.00,0.00,0.00,0.00,0.00
13,0,28.36,985.17,0.00
41,7,149332.00,41.00,43.00,45.00,30000000.00,3.00,0.00,0.00,0.00,0.00
13,0,985.22,0.00,0.00
41,7,149514.00,41.00,0.00,0.00,0.00,0.00,0.00,0.00,0.00,0.00
17,1,6598.00,0.23,9.50,-0.93
41,7,149697.00,41.00,0.00,0.00,0.00,0.00,0.00,0.00,0.00,0.00
13,0,28.36,985.18,0.00
41,7,149880.00,41.00,43.00,45.00,30000000.00,3.00,0.00,0.00,0.00,0.00
13,0,985.15,0.00,0.00
41,7,150063.00,41.00,43.00,0.00,0.00,0.00,0.00,0.00,0.00,0.00
17,1,6598.00,0.23,9.50,-0.93
41,7,150244.00,41.00,43.00,45.00,30000000.00,3.00,0.00,0.00,0.00,0.00
13,0,28.38,985.17,0.00
41,7,150428.00,0.00,0.00,0.00,0.00,0.00,0.00,0.00,0.00,0.00
13,0,985.22,0.00,0.00
41,7,150613.00,41.00,43.00,45.00,0.00,0.00,0.00,0.00,0.00,0.00
17,1,6598.00,0.23,9.50,-0.93
41,7,151438.00,41.00,43.00,45.00,0.00,0.00,0.00,0.00,0.00,0.00
13,0,985.25,28.38,985.24
41,7,151616.00,41.00,0.00,0.00,0.00,0.00,0.00,0.00,0.00,0.00
13,0,28.38,985.20,0.00
41,7,151805.00,41.00,43.00,45.00,30000000.00,3.00,0.00,0.00,0.00,0.00
13,0,985.18,0.00,0.00
41,7,151985.00,41.00,43.00,0.00,0.00,0.00,0.00,0.00,0.00,0.00
17,1,6598.00,0.23,9.50,-0.93
41,7,152168.00,41.00,43.00,45.00,30000000.00,3.00,0.00,0.00,0.00,0.00
13,0,28.37,985.17,0.00
41,7,152351.00,0.00,0.00,0.00,0.00,0.00,0.00,0.00,0.00,0.00
13,0,985.21,0.00,0.00
41,7,152535.00,41.00,0.00,0.00,0.00,0.00,0.00,0.00,0.00,0.00
17,1,6598.00,0.23,9.50,-0.93
41,7,152716.00,41.00,43.00,45.00,30000000.00,3.00,3.00,0.00,0.00,0.00
13,0,28.36,985.22,0.00
41,7,152901.00,41.00,43.00,45.00,0.00,0.00,0.00,0.00,0.00,0.00
13,0,985.22,0.00,0.00
41,7,153082.00,41.00,0.00,0.00,0.00,0.00,0.00,0.00,0.00,0.00
17,1,6598.00,0.23,9.50,-0.93
41,7,153266.00,41.00,43.00,45.00,30000000.00,383.00,0.00,0.00,0.00,0.00
13,0,28.35,985.22,0.00
41,7,153448.00,41.00,43.00,0.00,0.00,0.00,0.00,0.00,0.00,0.00
13,0,985.22,0.00,0.00
41,7,153633.00,41.00,43.00,45.00,30000000.00,3.00,0.00,0.00,0.00,0.00
17,1,6598.00,0.23,9.50,-0.93
41,7,153813.00,0.00,0.00,0.00,0.00,0.00,0.00,0.00,0.00,0.00
13,0,28.33,985.22,0.00
41,7,153997.00,41.00,0.00,1.00,0.00,4.00,888.00,0.00,0.00,0.00
13,0,985.22,0.00,0.00
41,7,154364.00,41.00,8.00,6.00,6.00,0.00,0.00,0.00,0.00,0.00
17,1,6598.00,0.23,9.50,-0.93
41,7,154544.00,41.00,43.00,45.00,30000000.00,3.00,0.00,0.00,0.00,0.00
13,0,28.33,985.21,0.00
41,7,154727.00,41.00,43.00,0.00,0.00,0.00,0.00,0.00,0.00,0.00
13,0,985.17,0.00,0.00
41,7,154909.00,41.00,43.00,45.00,30000000.00,3.00,0.00,0.00,0.00,0.00
17,1,6598.00,0.23,9.50,-0.93
41,7,155094.00,0.00,4.00,5.00,0.00,0.00,0.00,0.00,0.00,0.00
13,0,28.33,985.21,0.00
41,7,155275.00,41.00,43.00,45.00,30000000.00,3.00,3.00,0.00,0.00,0.00
13,0,985.25,0.00,0.00
17,1,6598.00,0.23,9.50,-0.93
17,2,-0.00,-0.00,0.00,70009.00
21,4,0.34,0.60,0.64,0.35,0.34
13,0,28.37,985.28,0.00
17,1,6598.00,0.23,9.50,-0.93
21,4,0.34,0.60,0.64,0.35,0.34
41,7,155823.00,41.00,43.00,45.00,30000000.00,0.00,0.00,0.00,0.00,0.00
13,0,985.27,0.00,0.00
41,7,156005.00,41.00,43.00,45.00,30000000.00,3.00,0.00,0.00,0.00,0.00
17,1,6598.00,0.23,9.50,-0.93
41,7,156188.00,41.00,43.00,0.00,0.00,0.00,0.00,0.00,0.00,0.00
13,0,28.38,985.26,0.00
41,7,156373.00,41.00,43.00,45.00,30000000.00,3.00,0.00,0.00,0.00,0.00
13,0,985.19,0.00,0.00
41,7,156554.00,41.00,43.00,45.00,30000000.00,3.00,0.00,0.00,0.00,0.00
17,1,6598.00,0.23,9.50,-0.93
41,7,156737.00,41.00,43.00,0.00,0.00,0.00,0.00,0.00,0.00,0.00
13,0,28.40,985.20,0.00
13,0,985.25,0.00,0.00
17,1,6598.00,0.23,9.50,-0.93
21,4,0.34,0.60,0.64,0.35,0.34
41,7,157103.00,41.00,43.00,45.00,30000000.00,0.00,0.00,0.00,0.00,0.00
17,1,6598.00,0.23,9.50,-0.93
41,7,157284.00,41.00,0.00,0.00,8.00,6.00,0.00,0.00,0.00,0.00
13,0,28.41,985.20,0.00
41,7,157468.00,41.00,43.00,0.00,0.00,0.00,0.00,0.00,0.00,0.00
13,0,985.27,0.00,0.00
41,7,157650.00,41.00,43.00,45.00,30000000.00,3.00,3.00,0.00,0.00,0.00
17,1,6598.00,0.23,9.50,-0.93
41,7,157835.00,41.00,43.00,45.00,30000000.00,3.00,0.00,0.00,0.00,0.00
13,0,28.42,985.21,0.00
41,7,158015.00,41.00,43.00,0.00,0.00,0.00,0.00,0.00,0.00,0.00
13,0,985.22,0.00,0.00
41,7,158199.00,41.00,0.00,0.00,0.00,0.00,0.00,0.00,0.00,0.00
17,1,6598.00,0.23,9.50,-0.93
41,7,158381.00,41.00,43.00,45.00,30000000.00,0.00,0.00,0.00,0.00,0.00
13,0,28.43,985.22,0.00
41,7,158566.00,41.00,43.00,45.00,30000000.00,3.00,0.00,0.00,0.00,0.00
13,0,985.23,0.00,0.00
41,7,158746.00,41.00,43.00,0.00,0.00,0.00,0.00,0.00,0.00,0.00
17,1,6598.00,0.23,9.50,-0.93
41,7,158929.00,41.00,43.00,45.00,30000000.00,3.00,3.00,0.00,0.00,0.00
13,0,28.44,985.27,0.00
41,7,159111.00,41.00,43.00,45.00,30000000.00,3.00,0.00,0.00,0.00,0.00
13,0,985.22,0.00,0.00
41,7,159296.00,41.00,83.00,inf,0.00,0.00,0.00,0.00,0.00,0.00
17,1,6598.00,0.23,9.50,-0.93
13,0,28.44,985.21,0.00
17,1,6598.00,0.23,9.50,-0.93
21,4,0.34,0.60,0.64,0.35,0.34
13,0,985.25,0.00,0.00
17,1,6598.00,0.23,9.50,-0.93
21,4,0.34,0.60,0.64,0.35,0.34
41,7,159842.00,41.00,43.00,0.00,0.00,0.00,0.00,0.00,0.00,0.00
17,1,6598.00,0.23,9.50,-0.93
41,7,160026.00,41.00,43.00,45.00,30000000.00,3.00,0.00,0.00,0.00,0.00
13,0,28.41,985.24,0.00
41,7,160207.00,41.00,43.00,0.00,0.00,0.00,0.00,0.00,0.00,0.00
13,0,985.24,0.00,0.00
41,7,160391.00,41.00,43.00,45.00,30000000.00,3.00,3.00,0.00,0.00,0.00
17,1,6598.00,0.23,9.50,-0.93
41,7,160576.00,41.00,43.00,45.00,30000000.00,3.00,48.00,46.00,46.00,0.00
13,0,28.41,985.27,0.00
41,7,160757.00,41.00,0.00,0.00,0.00,0.00,0.00,0.00,0.00,0.00
13,0,985.25,0.00,0.00
17,1,6598.00,0.23,9.50,-0.93
21,4,0.34,0.60,0.64,0.35,0.34
13,6,912.00,0.00,0.00
41,7,179039.00,4.00,0.00,0.00,8.00,6.00,6.00,0.00,0.00,0.00
17,1,6598.00,0.23,9.50,-0.93
41,7,179223.00,41.00,43.00,45.00,30000000.00,3.00,3.00,0.00,0.00,0.00
13,0,28.47,985.25,0.00
41,7,179405.00,41.00,43.00,45.00,30000000.00,3.00,0.00,0.00,0.00,0.00
13,0,985.20,0.00,0.00
41,7,179587.00,41.00,43.00,45.00,30000000.00,3.00,3.00,0.00,0.00,0.00
17,1,6598.00,0.23,9.50,-0.93
41,7,179770.00,41.00,43.00,45.00,30000000.00,3.00,0.00,0.00,0.00,0.00
13,0,28.49,985.22,0.00
13,0,985.28,0.00,0.00
17,1,6598.00,0.23,9.50,-0.93
21,4,0.34,0.60,0.64,0.35,0.34
41,7,180135.00,41.00,43.00,45.00,30000000.00,3.00,0.00,0.00,0.00,0.00
17,1,6598.00,0.23,9.50,-0.93
41,7,180319.00,41.00,43.00,45.00,30000000.00,3.00,3.00,0.00,0.00,0.00
13,0,28.51,985.25,0.00
41,7,180504.00,41.00,43.00,45.00,30000000.00,3.00,0.00,0.00,0.00,0.00
13,0,985.24,0.00,0.00
41,7,180684.00,41.00,43.00,45.00,30000000.00,3.00,3.00,0.00,0.00,0.00
17,1,6598.00,0.23,9.50,-0.93
41,7,180869.00,41.00,43.00,45.00,30000000.00,3.00,0.00,0.00,0.00,0.00
13,0,28.51,985.21,0.00
13,0,985.17,0.00,0.00
17,1,6598.00,0.23,9.50,-0.93
21,4,0.34,0.60,0.64,0.35,0.34
41,7,181234.00,41.00,43.00,45.00,30000000.00,3.00,0.00,0.00,0.00,0.00
17,1,6598.00,0.23,9.50,-0.93
41,7,181415.00,41.00,43.00,45.00,30000000.00,3.00,3.00,0.00,0.00,0.00
13,0,28.51,985.24,0.00
41,7,181598.00,41.00,43.00,45.00,30000000.00,3.00,0.00,0.00,0.00,0.00
13,0,985.13,0.00,0.00
41,7,181780.00,41.00,43.00,45.00,30000000.00,3.00,3.00,0.00,0.00,0.00
17,1,6598.00,0.23,9.50,-0.93
41,7,181965.00,41.00,43.00,45.00,30000000.00,3.00,0.00,0.00,0.00,0.00
13,0,28.50,985.22,0.00
13,0,985.19,0.00,0.00
17,1,6598.00,0.23,9.50,-0.93
21,4,0.34,0.60,0.64,0.35,0.60
41,7,182331.00,41.00,43.00,45.00,30000000.00,3.00,0.00,0.00,0.00,0.00
17,1,6598.00,0.23,9.50,-0.93
41,7,182512.00,41.00,43.00,45.00,30000000.00,3.00,3.00,0.00,0.00,0.00
13,0,28.50,985.25,0.00
41,7,182696.00,41.00,43.00,45.00,30000000.00,383.00,0.00,inf,0.00,0.00
13,0,985.22,0.00,0.00
17,1,6598.00,0.23,9.50,-0.93
21,4,0.34,0.60,0.64,0.35,0.60
13,6,912.00,0.00,0.00
41,7,189436.00,41.00,43.00,45.00,0.00,0.00,0.00,0.00,0.00,0.00
17,1,6598.00,0.23,9.50,-0.93
41,7,189618.00,41.00,43.00,45.00,30000000.00,3.00,0.00,0.00,0.00,0.00
13,0,28.49,985.24,0.00
41,7,189802.00,41.00,43.00,45.00,3.00,0.00,0.00,0.00,0.00,0.00
13,0,985.22,0.00,0.00
41,7,189987.00,41.00,43.00,45.00,30000000.00,3.00,3.00,0.00,0.00,0.00
17,1,6598.00,0.23,9.50,-0.93
13,0,28.50,985.17,0.00
17,1,6598.00,0.23,9.50,-0.93
21,4,0.60,0.64,0.35,0.34,0.34
13,0,985.22,0.00,0.00
17,1,6598.00,0.23,9.50,-0.93
13,6,912.00,0.00,0.00
13,0,28.51,985.21,0.00
17,1,6598.00,0.23,9.50,-0.93
13,6,912.00,0.00,0.00
41,7,197993.00,41.00,43.00,45.00,30000000.00,0.00,0.00,0.00,0.00,0.00
13,0,985.14,0.00,0.00
41,7,198178.00,41.00,43.00,45.00,30000000.00,3.00,3.00,0.00,0.00,0.00
17,1,6598.00,0.23,9.50,-0.93
41,7,198359.00,41.00,43.00,45.00,30000000.00,3.00,3.00,0.00,0.00,0.00
13,0,28.56,985.22,0.00
41,7,198543.00,41.00,43.00,45.00,30000000.00,3.00,3.00,0.00,0.00,0.00
13,0,985.19,0.00,0.00
41,7,198724.00,0.00,0.00,0.00,0.00,0.00,0.00,0.00,0.00,0.00
17,1,6598.00,0.23,9.50,-0.93
41,7,198909.00,41.00,43.00,45.00,30000000.00,0.00,0.00,0.00,0.00,0.00
13,0,28.55,985.25,0.00
41,7,199090.00,41.00,43.00,45.00,30000000.00,0.00,0.00,0.00,0.00,0.00
13,0,985.19,0.00,0.00
41,7,199272.00,41.00,43.00,45.00,30000000.00,3.00,3.00,0.00,0.00,0.00
17,1,6598.00,0.23,9.50,-0.93
41,7,199455.00,41.00,43.00,45.00,30000000.00,3.00,3.00,0.00,0.00,0.00
13,0,28.55,985.24,0.00
41,7,199639.00,41.00,43.00,45.00,30000000.00,3.00,3.00,0.00,0.00,0.00
13,0,985.22,0.00,0.00
41,7,199821.00,0.00,0.00,0.00,0.00,0.00,0.00,0.00,0.00,0.00
17,1,6598.00,0.23,9.50,-0.93
41,7,200004.00,41.00,43.00,45.00,30000000.00,0.00,0.00,0.00,0.00,0.00
13,0,28.52,985.24,0.00
41,7,200189.00,41.00,43.00,45.00,30000000.00,0.00,0.00,0.00,0.00,0.00
13,0,985.24,0.00,0.00
41,7,200370.00,41.00,43.00,45.00,30000000.00,3.00,3.00,0.00,0.00,0.00
17,1,6598.00,0.23,9.50,-0.93
41,7,200554.00,41.00,43.00,45.00,30000000.00,3.00,3.00,0.00,0.00,0.00
13,0,28.51,985.28,0.00
41,7,200736.00,41.00,43.00,45.00,30000000.00,0.00,46.00,0.00,0.00,0.00
13,0,985.25,0.00,0.00
41,7,200920.00,0.00,0.00,0.00,0.00,0.00,0.00,0.00,0.00,0.00
17,1,6598.00,0.23,9.50,-0.93
41,7,201101.00,41.00,43.00,45.00,30000000.00,0.00,0.00,0.00,0.00,0.00
13,0,28.48,985.23,0.00
41,7,201285.00,41.00,43.00,45.00,30000000.00,0.00,0.00,0.00,0.00,0.00
13,0,985.23,0.00,0.00
41,7,201466.00,41.00,43.00,45.00,30000000.00,3.00,3.00,0.00,0.00,0.00
17,1,6598.00,0.23,9.50,-0.93
41,7,201651.00,41.00,43.00,45.00,30000000.00,3.00,3.00,0.00,0.00,0.00
13,0,28.45,985.21,0.00
41,7,201831.00,41.00,43.00,45.00,30000000.00,3.00,3.00,0.00,0.00,0.00
13,0,985.21,0.00,0.00
41,7,202015.00,0.00,0.00,0.00,0.00,0.00,0.00,0.00,0.00,0.00
17,1,6598.00,0.23,9.50,-0.93
41,7,202196.00,41.00,43.00,45.00,30000000.00,0.00,0.00,0.00,0.00,0.00
13,0,28.44,985.22,0.00
41,7,202381.00,41.00,43.00,45.00,30000000.00,0.00,0.00,0.00,0.00,0.00
13,0,985.21,0.00,0.00
41,7,202562.00,41.00,43.00,45.00,30000000.00,3.00,3.00,0.00,0.00,0.00
17,1,6598.00,0.23,9.50,-0.93
41,7,202746.00,41.00,43.00,45.00,30000000.00,3.00,3.00,0.00,0.00,0.00
13,0,28.45,985.21,0.00
41,7,202928.00,41.00,43.00,45.00,30000000.00,3.00,3.00,0.00,0.00,0.00
13,0,985.17,0.00,0.00
41,7,203113.00,0.00,0.00,0.00,0.00,0.00,0.00,0.00,0.00,0.00
17,1,6598.00,0.23,9.50,-0.93
41,7,203295.00,41.00,43.00,45.00,30000000.00,2.00,0.00,0.00,0.00,0.00
13,0,28.44,985.23,0.00
13,0,985.23,0.00,0.00
17,1,6598.00,0.23,9.50,-0.93
21,4,0.64,0.35,0.34,0.60,0.64
41,7,203660.00,41.00,43.00,45.00,3.00,0.00,9.00,0.00,0.00,0.00
17,1,6598.00,0.23,9.50,-0.93
41,7,203844.00,41.00,43.00,45.00,30000000.00,3.00,3.00,0.00,0.00,0.00
13,0,28.43,985.19,0.00
41,7,204026.00,41.00,43.00,45.00,30000000.00,3.00,3.00,0.00,0.00,0.00
13,0,985.20,0.00,0.00
41,7,204210.00,41.00,43.00,45.00,30000000.00,3.00,3.00,0.00,0.00,0.00
17,1,6598.00,0.23,9.50,-0.93
41,7,204395.00,41.00,43.00,45.00,30000000.00,3.00,0.00,0.00,0.00,0.00
13,0,28.44,985.27,0.00
41,7,204576.00,41.00,43.00,45.00,30000000.00,3.00,3.00,0.00,0.00,0.00
13,0,985.26,0.00,0.00
41,7,204761.00,41.00,43.00,45.00,30000000.00,3.00,383.00,2.00,0.00,0.00
17,1,6598.00,0.23,9.50,-0.93
13,0,28.44,985.22,0.00
17,1,6598.00,0.23,9.50,-0.93
21,4,0.64,0.35,0.60,0.64,0.35
41,7,205125.00,41.00,43.00,45.00,30000000.00,3.00,3.00,inf,0.00,0.00
13,0,985.21,0.00,0.00
17,1,6598.00,0.23,9.50,-0.93
21,4,0.64,0.35,0.60,0.64,0.35
13,6,912.00,0.00,0.00
41,7,218661.00,41.00,3.00,8.00,48.00,4.00,0.00,0.00,0.00,0.00
13,0,28.40,985.24,0.00
41,7,218845.00,41.00,0.00,0.00,0.00,0.00,0.00,0.00,0.00,0.00
13,0,985.26,0.00,0.00
17,1,6598.00,0.23,9.50,-0.93
13,6,912.00,0.00,0.00
41,7,222666.00,41.00,43.00,45.00,0.00,0.00,0.00,0.00,0.00,0.00
13,0,985.26,0.00,0.00
41,7,222846.00,41.00,0.00,0.00,0.00,0.00,0.00,0.00,0.00,0.00
17,1,6598.00,0.23,9.50,-0.93
41,7,223031.00,41.00,43.00,45.00,30000000.00,0.00,46.00,2.00,0.00,0.00
13,0,28.39,985.19,0.00
13,0,985.15,0.00,0.00
17,1,6598.00,0.23,9.50,-0.93
21,4,0.64,0.35,0.34,0.60,0.64
41,7,223395.00,41.00,43.00,45.00,30000000.00,3.00,0.00,0.00,0.00,0.00
17,1,6598.00,0.23,9.50,-0.93
41,7,223578.00,41.00,4.00,0.00,0.00,0.00,0.00,0.00,0.00,0.00
13,0,28.39,985.17,0.00
41,7,223761.00,41.00,43.00,45.00,30000000.00,3.00,0.00,0.00,0.00,0.00
13,0,985.17,0.00,0.00
41,7,223943.00,41.00,0.00,0.00,0.00,0.00,0.00,0.00,0.00,0.00
17,1,6598.00,0.23,9.50,-0.93
41,7,224127.00,41.00,43.00,45.00,0.00,0.00,0.00,0.00,0.00,0.00
13,0,28.40,985.22,0.00
41,7,224309.00,41.00,0.00,0.00,0.00,0.00,0.00,0.00,0.00,0.00
13,0,985.22,0.00,0.00
41,7,224491.00,41.00,43.00,45.00,30000000.00,0.00,0.00,0.00,0.00,0.00
17,1,6598.00,0.23,9.50,-0.93
13,0,28.39,985.21,0.00
17,1,6598.00,0.23,9.50,-0.93
21,4,0.64,0.35,0.34,0.60,0.64
41,7,224858.00,41.00,43.00,45.00,30000000.00,3.00,3.00,0.00,0.00,0.00
13,0,985.18,0.00,0.00
41,7,225041.00,41.00,4.00,0.00,0.00,0.00,0.00,0.00,0.00,0.00
17,1,6598.00,0.23,9.50,-0.93
41,7,225223.00,41.00,43.00,45.00,30000000.00,3.00,0.00,0.00,0.00,0.00
13,0,28.40,985.24,0.00
41,7,225407.00,41.00,0.00,0.00,0.00,0.00,0.00,0.00,0.00,0.00
13,0,985.26,0.00,0.00
41,7,225588.00,41.00,43.00,45.00,0.00,0.00,0.00,0.00,0.00,0.00
17,1,6598.00,0.23,9.50,-0.93
41,7,225772.00,41.00,0.00,0.00,0.00,0.00,0.00,0.00,0.00,0.00
13,0,28.39,985.25,0.00
41,7,225953.00,41.00,43.00,45.00,30000000.00,0.00,0.00,0.00,0.00,0.00
13,0,985.18,0.00,0.00
17,1,6598.00,0.23,9.50,-0.93
21,4,0.64,0.35,0.34,0.60,0.64
13,6,912.00,0.00,0.00
41,7,232879.00,41.00,0.00,0.00,0.00,0.00,0.00,0.00,0.00,0.00
13,0,28.44,985.22,0.00
41,7,233061.00,41.00,0.00,0.00,0.00,0.00,0.00,0.00,0.00,0.00
13,0,985.24,0.00,0.00
41,7,233244.00,41.00,43.00,45.00,30000000.00,3.00,3.00,0.00,0.00,0.00
17,1,6598.00,0.23,9.50,-0.93
41,7,233427.00,41.00,43.00,45.00,30000000.00,3.00,0.00,0.00,0.00,0.00
13,0,28.45,985.23,0.00
41,7,233610.00,41.00,43.00,45.00,30000000.00,3.00,3.00,0.00,0.00,0.00
13,0,985.25,0.00,0.00
41,7,233792.00,41.00,0.00,0.00,0.00,0.00,0.00,0.00,0.00,0.00
17,1,6598.00,0.23,9.50,-0.93
41,7,233975.00,41.00,43.00,45.00,30000000.00,0.00,0.00,0.00,0.00,0.00
13,0,28.44,985.25,0.00
41,7,234157.00,41.00,0.00,0.00,0.00,0.00,0.00,0.00,0.00,0.00
13,0,985.19,0.00,0.00
41,7,234341.00,41.00,0.00,0.00,0.00,0.00,0.00,0.00,0.00,0.00
17,1,6598.00,0.23,9.50,-0.93
41,7,234526.00,41.00,43.00,45.00,30000000.00,3.00,3.00,0.00,0.00,0.00
13,0,28.41,985.16,0.00
41,7,234707.00,41.00,43.00,45.00,30000000.00,3.00,0.00,0.00,0.00,0.00
13,0,985.18,0.00,0.00
41,7,234892.00,41.00,43.00,45.00,30000000.00,3.00,3.00,0.00,0.00,0.00
17,1,6598.00,0.23,9.50,-0.93
41,7,235073.00,41.00,0.00,0.00,0.00,0.00,0.00,0.00,0.00,0.00
13,0,28.42,985.17,0.00
41,7,235257.00,41.00,43.00,45.00,30000000.00,0.00,0.00,0.00,0.00,0.00
13,0,985.26,0.00,0.00
41,7,235438.00,41.00,0.00,0.00,41.00,4.00,0.00,0.00,0.00,0.00
17,1,6598.00,0.23,9.50,-0.93
41,7,236265.00,41.00,43.00,45.00,30000000.00,3.00,0.00,0.00,0.00,0.00
13,0,985.24,28.40,985.21
41,7,236446.00,41.00,43.00,45.00,30000000.00,3.00,3.00,0.00,0.00,0.00
13,0,28.40,985.21,0.00
41,7,236632.00,41.00,1.00,3.00,5.00,0.00,0.00,0.00,inf,0.00
13,0,985.24,0.00,0.00
41,7,236997.00,41.00,43.00,45.00,30000000.00,3.00,3.00,0.00,0.00,0.00
13,0,28.39,985.30,28.40
41,7,237641.00,41.00,43.00,45.00,30000000.00,3.00,0.00,0.00,0.00,0.00
13,0,985.19,28.42,985.23
41,7,237641.00,41.00,43.00,45.00,30000000.00,3.00,0.00,0.00,0.00,0.00
13,0,28.43,985.21,0.00
41,7,237641.00,41.00,43.00,45.00,30000000.00,3.00,0.00,0.00,0.00,0.00
13,0,985.19,0.00,0.00
41,7,237641.00,41.00,43.00,45.00,30000000.00,3.00,0.00,0.00,0.00,0.00
17,1,6598.00,0.23,9.50,-0.93
41,7,237641.00,41.00,43.00,45.00,30000000.00,3.00,0.00,0.00,0.00,0.00
13,0,28.45,985.24,0.00
41,7,237641.00,41.00,43.00,45.00,30000000.00,3.00,0.00,0.00,0.00,0.00
13,0,985.21,0.00,0.00
41,7,237641.00,41.00,43.00,45.00,30000000.00,3.00,0.00,0.00,0.00,0.00
17,1,6598.00,0.23,9.50,-0.93
41,7,237641.00,41.00,43.00,45.00,30000000.00,3.00,0.00,0.00,0.00,0.00
13,0,28.47,985.29,0.00
41,7,237641.00,41.00,43.00,45.00,30000000.00,3.00,0.00,0.00,0.00,0.00
13,0,985.23,0.00,0.00
41,7,237641.00,41.00,43.00,45.00,30000000.00,3.00,0.00,0.00,0.00,0.00
17,1,6598.00,0.23,9.50,-0.93
41,7,237641.00,41.00,43.00,45.00,30000000.00,3.00,0.00,0.00,0.00,0.00
13,0,28.47,985.28,0.00
41,7,237641.00,41.00,43.00,45.00,30000000.00,3.00,0.00,0.00,0.00,0.00
13,0,985.22,0.00,0.00
41,7,237641.00,41.00,43.00,45.00,30000000.00,3.00,0.00,0.00,0.00,0.00
17,1,6598.00,0.23,9.50,-0.93
41,7,237641.00,41.00,43.00,45.00,30000000.00,3.00,0.00,0.00,0.00,0.00
13,0,28.48,985.22,0.00
41,7,237641.00,41.00,43.00,45.00,30000000.00,3.00,0.00,0.00,0.00,0.00
13,0,985.26,0.00,0.00
41,7,240565.00,41.00,43.00,4.00,3.00,0.00,0.00,0.00,0.00,0.00
17,1,6598.00,0.23,9.50,-0.93
41,7,240929.00,41.00,43.00,45.00,3.00,0.00,0.00,0.00,0.00,0.00
13,0,28.46,985.22,0.00
41,7,241112.00,41.00,43.00,45.00,30000000.00,3.00,3.00,0.00,0.00,0.00
13,0,985.21,0.00,0.00
41,7,241295.00,41.00,43.00,45.00,30000000.00,3.00,3.00,0.00,0.00,0.00
17,1,6598.00,0.23,9.50,-0.93
41,7,241477.00,41.00,43.00,45.00,30000000.00,3.00,3.00,0.00,0.00,0.00
13,0,28.48,985.28,0.00
13,0,985.20,0.00,0.00
17,1,6598.00,0.23,9.50,-0.93
21,4,0.64,0.60,0.64,0.35,0.34
41,7,241845.00,41.00,43.00,45.00,0.00,0.00,0.00,0.00,0.00,0.00
17,1,6598.00,0.23,9.50,-0.93
13,0,28.49,985.23,0.00
17,1,6598.00,0.23,9.50,-0.93
21,4,0.60,0.64,0.35,0.34,0.60
41,7,242210.00,41.00,43.00,45.00,3.00,0.00,0.00,0.00,0.00,0.00
13,0,985.25,0.00,0.00
41,7,243215.00,41.00,43.00,45.00,30000000.00,3.00,0.00,0.00,0.00,0.00
13,0,28.50,985.20,28.50
41,7,243402.00,41.00,43.00,45.00,30000000.00,3.00,3.00,0.00,0.00,0.00
13,0,985.20,28.50,985.24
13,0,28.49,985.29,0.00
17,1,6598.00,0.23,9.50,-0.93
17,2,-0.00,0.00,0.00,243412.00
13,6,912.00,0.00,0.00
13,0,985.27,0.00,0.00
17,1,6598.00,0.23,9.50,-0.93
21,4,0.60,0.64,0.60,0.64,0.35
17,1,6598.00,0.23,9.50,-0.93
21,4,0.60,0.60,0.64,0.35,0.34
13,6,912.00,0.00,0.00
41,7,259767.00,41.00,43.00,45.00,30000000.00,3.00,3.00,0.00,0.00,0.00
13,0,28.38,985.19,0.00
41,7,260133.00,41.00,3.00,8.00,48.00,46.00,0.00,0.00,0.00,0.00
13,0,985.26,0.00,0.00
41,7,260316.00,41.00,43.00,45.00,30000000.00,0.00,0.00,0.00,0.00,0.00
17,1,6598.00,0.23,9.50,-0.93
41,7,260500.00,41.00,43.00,45.00,30000000.00,3.00,3.00,0.00,0.00,0.00
13,0,28.40,985.18,0.00
13,0,985.23,0.00,0.00
17,1,6598.00,0.23,9.50,-0.93
21,4,0.64,0.60,0.64,0.35,0.34
17,1,6598.00,0.23,9.50,-0.93
21,4,0.60,0.64,0.35,0.34,0.35
13,6,912.00,0.00,0.00
13,0,985.19,0.00,0.00
17,1,6598.00,0.23,9.50,-0.93
13,6,912.00,0.00,0.00
13,0,985.17,0.00,0.00
17,1,6598.00,0.23,9.50,-0.93
21,4,0.60,0.64,0.35,0.34,0.60
41,7,269599.00,41.00,43.00,45.00,30000000.00,3.00,0.00,0.00,0.00,0.00
17,1,6598.00,0.23,9.50,-0.93
13,0,28.43,985.21,0.00
17,1,6598.00,0.23,9.50,-0.93
21,4,0.64,0.35,0.34,0.60,0.64
41,7,269965.00,41.00,43.00,41.00,43.00,45.00,30000000.00,3.00,3.00,0.00
13,0,985.25,0.00,0.00
17,1,6598.00,0.23,9.50,-0.93
21,4,0.64,0.35,0.34,0.60,0.64
13,6,912.00,0.00,0.00
41,7,275248.00,41.00,0.00,0.00,0.00,0.00,0.00,0.00,0.00,0.00
13,0,28.41,985.23,0.00
41,7,275428.00,41.00,43.00,45.00,30000000.00,3.00,3.00,0.00,0.00,0.00
13,0,985.20,0.00,0.00
17,1,6598.00,0.23,9.50,-0.93
13,6,912.00,0.00,0.00
17,1,6598.00,0.23,9.50,-0.93
21,4,0.64,0.35,0.34,0.60,0.64
13,6,912.00,0.00,0.00
41,7,282887.00,41.00,43.00,45.00,30000000.00,3.00,3.00,0.00,0.00,0.00
13,0,28.42,985.24,0.00
41,7,283071.00,41.00,43.00,45.00,30000000.00,0.00,0.00,0.00,0.00,0.00
13,0,985.21,0.00,0.00
41,7,283252.00,41.00,43.00,4.00,0.00,0.00,0.00,0.00,0.00,0.00
17,1,6598.00,0.23,9.50,-0.93
13,0,28.45,985.23,0.00
17,1,6598.00,0.23,9.50,-0.93
21,4,0.35,0.34,0.60,0.64,0.35
41,7,283621.00,41.00,43.00,0.00,0.00,0.00,0.00,0.00,0.00,0.00
13,0,985.30,0.00,0.00
41,7,283801.00,41.00,0.00,0.00,0.00,0.00,0.00,0.00,0.00,0.00
17,1,6598.00,0.23,9.50,-0.93
41,7,283984.00,41.00,43.00,45.00,30000000.00,3.00,3.00,0.00,0.00,0.00
13,0,28.45,985.18,0.00
41,7,284166.00,41.00,0.00,0.00,0.00,0.00,0.00,0.00,0.00,0.00
13,0,985.23,0.00,0.00
41,7,284350.00,41.00,43.00,45.00,30000000.00,3.00,3.00,0.00,0.00,0.00
17,1,6598.00,0.23,9.50,-0.93
41,7,284531.00,41.00,43.00,45.00,30000000.00,0.00,0.00,0.00,0.00,0.00
13,0,28.44,985.24,0.00
41,7,284714.00,41.00,43.00,4.00,0.00,0.00,0.00,0.00,0.00,0.00
13,0,985.22,0.00,0.00
17,1,6598.00,0.23,9.50,-0.93
21,4,0.35,0.34,0.60,0.64,0.35
13,6,912.00,0.00,0.00
41,7,290825.00,41.00,0.00,0.00,0.00,0.00,0.00,0.00,0.00,0.00
17,1,6598.00,0.23,9.50,-0.93
41,7,291007.00,41.00,43.00,45.00,30000000.00,3.00,3.00,0.00,0.00,0.00
13,0,28.49,985.15,0.00
41,7,291191.00,41.00,0.00,0.00,0.00,0.00,0.00,0.00,0.00,0.00
13,0,985.26,0.00,0.00
41,7,291372.00,41.00,43.00,45.00,30000000.00,0.00,0.00,0.00,0.00,0.00
17,1,6598.00,0.23,9.50,-0.93
13,0,28.49,985.20,0.00
17,1,6598.00,0.23,9.50,-0.93
21,4,0.35,0.34,0.60,0.64,0.35
41,7,291737.00,41.00,43.00,45.00,30000000.00,0.00,0.00,0.00,0.00,0.00
13,0,985.22,0.00,0.00
41,7,291922.00,41.00,43.00,4.00,0.00,0.00,0.00,0.00,0.00,0.00
17,1,6598.00,0.23,9.50,-0.93
13,0,28.49,985.19,0.00
17,1,6598.00,0.23,9.50,-0.93
21,4,0.35,0.34,0.60,0.64,0.35
41,7,292286.00,41.00,43.00,0.00,0.00,0.00,0.00,0.00,0.00,0.00
13,0,985.20,0.00,0.00
41,7,292468.00,41.00,0.00,0.00,0.00,0.00,0.00,0.00,0.00,0.00
17,1,6598.00,0.23,9.50,-0.93
41,7,292653.00,41.00,43.00,45.00,30000000.00,3.00,3.00,0.00,0.00,0.00
13,0,28.50,985.20,0.00
41,7,292834.00,410000000.00,0.00,0.00,0.00,0.00,0.00,0.00,0.00,0.00
13,0,985.23,0.00,0.00
17,1,6598.00,0.23,9.50,-0.93
21,4,0.35,0.34,0.60,0.64,0.35
13,6,912.00,0.00,0.00
41,7,299859.00,41.00,43.00,45.00,30000000.00,3.00,3.00,0.00,0.00,0.00
13,0,985.20,0.00,0.00
41,7,300040.00,41.00,43.00,0.00,0.00,0.00,0.00,0.00,0.00,0.00
17,1,6598.00,0.23,9.50,-0.93
41,7,300225.00,41.00,43.00,45.00,3.00,0.00,9.00,0.00,0.00,0.00
13,0,28.53,985.19,0.00
13,0,985.17,0.00,0.00
17,1,6598.00,0.23,9.50,-0.93
21,4,0.35,0.34,0.60,0.64,0.35
41,7,301050.00,41.00,43.00,45.00,0.00,0.00,0.00,0.00,0.00,0.00
13,0,28.55,985.23,0.00
41,7,301229.00,41.00,43.00,4.00,0.00,0.00,0.00,0.00,0.00,0.00
13,0,985.20,0.00,0.00
41,7,301597.00,41.00,43.00,0.00,0.00,0.00,0.00,0.00,0.00,0.00
17,1,6598.00,0.23,9.50,-0.93
41,7,301781.00,41.00,0.00,0.00,0.00,0.00,0.00,0.00,0.00,0.00
13,0,28.56,985.24,0.00
41,7,301962.00,41.00,43.00,45.00,30000000.00,3.00,3.00,0.00,0.00,0.00
13,0,985.22,0.00,0.00
17,1,6598.00,0.23,9.50,-0.93
21,4,0.35,0.34,0.60,0.64,0.35
13,6,912.00,0.00,0.00
41,7,306609.00,41.00,43.00,45.00,3.00,0.00,9.00,0.00,0.00,0.00
13,0,28.52,985.24,0.00
41,7,307434.00,41.00,43.00,45.00,0.00,0.00,0.00,0.00,0.00,0.00
13,0,28.55,985.27,0.00
41,7,307615.00,41.00,43.00,4.00,0.00,0.00,0.00,0.00,0.00,0.00
13,0,985.23,0.00,0.00
41,7,307800.00,41.00,43.00,0.00,0.00,0.00,0.00,0.00,0.00,0.00
17,1,6598.00,0.23,9.50,-0.93
41,7,307981.00,41.00,0.00,0.00,0.00,0.00,0.00,0.00,0.00,0.00
13,0,28.55,985.24,0.00
41,7,308165.00,41.00,43.00,45.00,30000000.00,0.00,0.00,0.00,0.00,0.00
13,0,985.27,0.00,0.00
41,7,308530.00,41.00,43.00,0.00,0.00,0.00,0.00,0.00,0.00,0.00
17,1,6598.00,0.23,9.50,-0.93
41,7,308714.00,41.00,43.00,45.00,3.00,0.00,9.00,0.00,0.00,0.00
13,0,28.54,985.21,0.00
13,0,985.20,0.00,0.00
17,1,6598.00,0.23,9.50,-0.93
17,2,0.00,-0.00,0.00,70009.00
13,6,912.00,0.00,0.00
41,7,313093.00,41.00,43.00,45.00,30000000.00,3.00,0.00,0.00,0.00,0.00
13,0,28.58,985.24,28.58
13,0,985.20,28.58,985.23
17,1,6598.00,0.23,9.50,-0.93
17,2,0.00,0.00,0.00,70009.00
13,6,912.00,0.00,0.00
41,7,317020.00,41.00,43.00,45.00,30000000.00,3.00,0.00,0.00,0.00,0.00
17,1,6598.00,0.23,9.50,-0.93
13,0,28.32,985.18,0.00
17,1,6598.00,0.23,9.50,-0.93
21,4,0.35,0.34,0.60,0.64,0.35
41,7,317385.00,41.00,43.00,0.00,0.00,0.00,0.00,0.00,0.00,0.00
13,0,985.22,0.00,0.00
41,7,317566.00,41.00,43.00,45.00,30000000.00,3.00,0.00,0.00,0.00,0.00
17,1,6598.00,0.23,9.50,-0.93
41,7,317751.00,41.00,43.00,0.00,0.00,0.00,0.00,0.00,0.00,0.00
13,0,28.27,985.23,0.00
41,7,317932.00,41.00,0.00,0.00,0.00,0.00,0.00,0.00,0.00,0.00
13,0,985.25,0.00,0.00
17,1,6598.00,0.23,9.50,-0.93
21,4,0.35,0.34,0.60,0.64,0.35
13,6,912.00,0.00,0.00
13,0,985.20,28.37,985.22
17,1,6598.00,0.23,9.50,-0.93
17,2,-0.01,0.00,0.00,70009.00
13,6,912.00,0.00,0.00
13,0,28.34,985.22,0.00
17,1,6598.00,0.23,9.50,-0.93
13,6,912.00,0.00,0.00
41,7,330404.00,41.00,43.00,0.00,0.00,0.00,0.00,0.00,0.00,0.00
13,0,985.24,0.00,0.00
41,7,330589.00,41.00,43.00,45.00,30000000.00,0.00,0.00,0.00,0.00,0.00
17,1,6598.00,0.23,9.50,-0.93
41,7,330770.00,41.00,0.00,0.00,0.00,0.00,0.00,0.00,0.00,0.00
13,0,28.39,985.24,0.00
41,7,330955.00,41.00,43.00,45.00,0.00,0.00,1.00,0.00,0.00,0.00
13,0,985.22,0.00,0.00
41,7,331137.00,41.00,43.00,45.00,0.00,0.00,0.00,0.00,0.00,0.00
17,1,6598.00,0.23,9.50,-0.93
13,0,28.41,985.23,0.00
17,1,6598.00,0.23,9.50,-0.93
21,4,0.35,0.34,0.35,0.34,0.35
41,7,331502.00,41.00,43.00,0.00,0.00,0.00,0.00,0.00,0.00,0.00
13,0,985.22,0.00,0.00
41,7,331686.00,41.00,43.00,0.00,0.00,0.00,0.00,0.00,0.00,0.00
17,1,6598.00,0.23,9.50,-0.93
13,0,28.42,985.24,0.00
17,1,6598.00,0.23,9.50,-0.93
13,6,912.00,0.00,0.00
41,7,336787.00,41.00,0.00,0.00,0.00,0.00,0.00,0.00,0.00,0.00
13,0,28.46,985.21,0.00
41,7,336971.00,41.00,43.00,45.00,30000000.00,3.00,3.00,0.00,0.00,0.00
13,0,985.24,0.00,0.00
41,7,337152.00,41.00,43.00,45.00,30000000.00,3.00,3.00,0.00,0.00,0.00
17,1,6598.00,0.23,9.50,-0.93
13,0,28.46,985.23,0.00
17,1,6598.00,0.23,9.50,-0.93
21,4,0.35,0.60,0.63,0.35,0.34
41,7,337521.00,41.00,0.00,0.00,0.00,0.00,0.00,0.00,0.00,0.00
13,0,985.28,0.00,0.00
41,7,337701.00,41.00,43.00,0.00,0.00,0.00,0.00,0.00,0.00,0.00
17,1,6598.00,0.23,9.50,-0.93
13,0,28.46,985.25,0.00
17,1,6598.00,0.23,9.50,-0.93
21,4,0.60,0.63,0.35,0.34,0.60
41,7,338067.00,3.00,0.00,5.00,0.00,0.00,0.00,0.00,0.00,0.00
13,0,985.24,0.00,0.00
17,1,6598.00,0.23,9.50,-0.93
21,4,0.63,0.35,0.34,0.34,0.35
13,6,912.00,0.00,0.00
13,0,28.56,985.25,0.00
41,7,344537.00,41.00,43.00,inf,0.00,0.00,0.00,0.00,0.00,0.00
17,1,6598.00,0.23,9.50,-0.93
41,7,344905.00,41.00,0.00,0.00,0.00,0.00,0.00,0.00,0.00,0.00
13,0,28.57,985.22,0.00
41,7,345087.00,41.00,43.00,0.00,0.00,0.00,0.00,0.00,0.00,0.00
13,0,985.21,0.00,0.00
41,7,345269.00,41.00,3.00,0.00,0.00,0.00,0.00,0.00,0.00,0.00
17,1,6598.00,0.23,9.50,-0.93
41,7,345454.00,41.00,0.00,0.00,0.00,0.00,0.00,0.00,0.00,0.00
13,0,28.58,985.25,0.00
41,7,345633.00,41.00,43.00,45.00,0.00,0.00,0.00,0.00,0.00,0.00
13,0,985.25,0.00,0.00
41,7,345817.00,41.00,0.00,0.00,0.00,0.00,0.00,0.00,0.00,0.00
17,1,6598.00,0.23,9.50,-0.93
41,7,345999.00,41.00,43.00,45.00,30000000.00,3.00,3.00,0.00,0.00,0.00
13,0,28.59,985.24,0.00
13,0,985.29,0.00,0.00
17,1,6598.00,0.23,9.50,-0.93
17,2,0.00,0.00,0.00,70009.00
13,6,912.00,0.00,0.00
17,1,6598.00,0.23,9.50,-0.93
17,2,0.00,-0.00,0.00,70009.00
21,4,0.35,0.34,0.60,0.63,0.35
13,0,28.65,985.22,0.00
17,1,6598.00,0.23,9.50,-0.93
21,4,0.35,0.34,0.60,0.63,0.35
41,7,352114.00,41.00,43.00,45.00,30000000.00,0.00,0.00,0.00,0.00,0.00
13,0,985.25,0.00,0.00
17,1,6598.00,0.23,9.50,-0.93
21,4,0.35,0.34,0.60,0.63,0.35
13,6,912.00,0.00,0.00
13,0,28.70,985.20,0.00
17,1,6598.00,0.23,9.50,-0.93
21,4,0.35,0.34,0.60,0.63,0.35
41,7,356479.00,41.00,0.00,0.00,0.00,0.00,0.00,0.00,0.00,0.00
13,0,985.21,0.00,0.00
17,1,6598.00,0.23,9.50,-0.93
21,4,0.35,0.34,0.60,0.63,0.35
13,6,912.00,0.00,0.00
41,7,360585.00,41.00,43.00,45.00,30000000.00,3.00,0.00,0.00,0.00,0.00
13,0,28.66,985.24,0.00
41,7,360767.00,41.00,0.00,0.00,0.00,0.00,0.00,0.00,0.00,0.00
13,0,985.25,0.00,0.00
17,1,6598.00,0.23,9.50,-0.93
21,4,0.60,0.63,0.35,0.34,0.60
13,6,912.00,0.00,0.00
41,7,364771.00,41.00,43.00,45.00,0.00,0.00,8.00,45.00,30000000.00,3.00
17,1,6598.00,0.23,9.50,-0.93
13,0,28.58,985.23,0.00
41,7,365774.00,0.00,0.00,0.00,0.00,0.00,0.00,0.00,0.00,0.00
17,1,6598.00,0.23,9.50,-0.93
41,7,365962.00,41.00,43.00,45.00,0.00,0.00,0.00,0.00,0.00,0.00
13,0,28.59,985.26,0.00
41,7,366144.00,41.00,43.00,45.00,30000000.00,3.00,3.00,0.00,1.00,0.00
13,0,985.24,0.00,0.00
41,7,366328.00,41.00,43.00,0.00,0.00,0.00,0.00,0.00,0.00,0.00
17,1,6598.00,0.23,9.50,-0.93
13,0,28.58,985.28,0.00
17,1,6598.00,0.23,9.50,-0.93
17,2,0.00,0.00,-0.00,0.00
13,6,912.00,0.00,0.00
13,0,985.22,0.00,0.00
17,1,6598.00,0.23,9.50,-0.93
13,6,912.00,0.00,0.00
17,1,6598.00,0.23,9.50,-0.93
21,4,0.63,0.35,0.34,0.34,0.34
13,6,912.00,0.00,0.00
41,7,378145.00,41.00,0.00,0.00,0.00,0.00,0.00,0.00,0.00,0.00
13,0,985.32,0.00,0.00
17,1,6598.00,0.23,9.50,-0.93
13,6,912.00,0.00,0.00
41,7,381783.00,41.00,0.00,0.00,0.00,0.00,0.00,0.00,0.00,0.00
13,0,28.49,985.23,0.00
41,7,381968.00,41.00,43.00,45.00,30000000.00,3.00,0.00,0.00,0.00,0.00
13,0,985.25,0.00,0.00
41,7,382149.00,41.00,0.00,0.00,0.00,0.00,0.00,0.00,0.00,0.00
17,1,6598.00,0.23,9.50,-0.93
41,7,382976.00,41.00,43.00,45.00,43.00,45.00,30000000.00,3.00,0.00,0.00
13,0,985.23,28.50,985.28
41,7,383156.00,41.00,43.00,45.00,30000000.00,3.00,0.00,0.00,0.00,0.00
13,0,28.50,985.23,0.00
41,7,383341.00,41.00,43.00,45.00,30000000.00,3.00,0.00,0.00,0.00,0.00
13,0,985.25,0.00,0.00
41,7,41.00,0.00,0.00,0.00,0.00,0.00,0.00,0.00,0.00,5.00
17,1,6598.00,0.23,9.50,-0.93
41,7,0.00,88.00,148.00,646.00,0.00,0.00,0.00,0.00,41.00,0.00
13,0,28.50,985.29,0.00
41,7,0.00,0.00,0.00,0.00,0.00,0.00,0.00,41.00,72.00,5.00
13,0,985.26,0.00,0.00
41,7,0.00,0.00,0.00,0.00,0.00,0.00,0.00,0.00,0.00,0.00
17,1,6598.00,0.23,9.50,-0.93
41,7,3.00,3.00,0.00,0.00,0.00,0.00,0.00,0.00,0.00,0.00
13,0,28.50,985.31,0.00
