13,0,19898.00,22.87,984.87
17,1,8602.00,4.42,-6.82,-5.30
17,2,417389.00,1.16,0.81,0.38
17,3,375079.00,-11.00,4.12,44.44
41,7,425144.00,2147483648.00,0.00,0.00,0.00,0.00,0.00,0.00,0.00,0.00
13,0,19898.00,22.87,984.87
41,7,425328.00,2147483648.00,2147483648.00,2147483648.00,2147483648.00,2147483648.00,2147483648.00,12590155.00,8753257.00,6560843.00
13,0,19898.00,22.87,984.87
13,0,19898.00,22.87,984.87
17,1,8602.00,4.42,-6.82,-5.30
17,2,424230.00,2.07,3.05,0.54
17,3,375079.00,-11.00,4.12,44.44
41,7,425700.00,2147483648.00,4308880.00,0.00,0.00,0.00,0.00,0.00,0.00,0.00
13,0,19898.00,22.87,984.87
41,7,425887.00,133008.00,0.00,0.00,0.00,0.00,0.00,0.00,0.00,0.00
13,0,19898.00,22.87,984.87
41,7,426072.00,2147483648.00,9.00,13.00,11.00,9.00,0.00,0.00,0.00,0.00
13,0,19898.00,22.87,984.87
41,7,426257.00,133008.00,0.00,0.00,0.00,0.00,0.00,0.00,0.00,0.00
13,0,19898.00,22.87,984.87
41,7,426441.00,2147483648.00,2147483648.00,0.00,0.00,0.00,0.00,0.00,0.00,0.00
13,0,19898.00,22.87,984.87
41,7,426626.00,2147483648.00,0.00,0.00,0.00,0.00,0.00,0.00,0.00,0.00
13,0,19898.00,22.87,984.87
41,7,426813.00,2147483648.00,0.00,0.00,0.00,0.00,0.00,0.00,0.00,0.00
13,0,19898.00,22.87,984.87
41,7,426996.00,2147483648.00,2147483648.00,5.00,11.00,9.00,11.00,1.00,0.00,0.00
13,0,19898.00,22.87,984.87
13,0,19898.00,22.87,984.87
17,1,8602.00,4.42,-6.82,-5.30
17,3,375079.00,-11.00,4.12,44.44
13,6,6.00,0.00,0.00
13,6,6.00,0.00,0.00
13,0,19898.00,22.87,984.87
41,7,427923.00,2147483648.00,2147483648.00,2147483648.00,2147483648.00,2147483648.00,0.00,0.00,0.00,0.00
13,0,19898.00,22.87,984.87
41,7,428107.00,133008.00,0.00,0.00,0.00,0.00,0.00,0.00,0.00,0.00
13,0,19898.00,22.87,984.87
41,7,428293.00,2147483648.00,2147483648.00,0.00,0.00,0.00,0.00,0.00,0.00,0.00
13,0,19898.00,22.87,984.87
41,7,428476.00,2147483648.00,0.00,0.00,0.00,0.00,0.00,0.00,0.00,0.00
13,0,19898.00,22.87,984.87
41,7,428662.00,2147483648.00,0.00,0.00,0.00,0.00,0.00,0.00,0.00,0.00
13,0,19898.00,22.87,984.87
Feather LoRa TX Test!
13,0,3680.00,27.57,985.24
13,6,0.00,0.00,0.00
17,3,3887.00,73.56,21.06,5.12
13,6,0.00,0.00,0.00
21,4,4250.00,0.73,-0.30,0.39,0.47
13,6,0.00,0.00,0.00
21,4,0.73,-0.30,0.39,0.47,0.00
41,7,4969.00,2147483648.00,2147483648.00,2147483648.00,2147483648.00,2147483648.00,2147483648.00,2147483648.00,0.00,0.00
13,0,4970.00,27.57,985.31
13,0,5159.00,27.57,985.30
17,1,4985.00,-8.26,-0.77,5.09
13,6,6.00,0.00,0.00
17,1,5168.00,-8.30,-0.69,5.12
17,3,5537.00,73.50,21.69,6.25
13,6,0.00,0.00,0.00
17,1,5353.00,-8.30,-0.69,5.12
13,6,0.00,0.00,0.00
17,1,5722.00,-8.23,-0.57,5.24
21,4,-0.29,0.38,0.48,0.00,0.00
41,7,6450.00,2147483648.00,2147483648.00,2147483648.00,2147483648.00,2147483648.00,2147483648.00,2147483648.00,0.00,0.00
13,0,6451.00,27.58,985.28
13,0,6633.00,27.57,985.28
17,1,5722.00,-8.23,-0.57,5.24
13,6,6.00,0.00,0.00
17,1,5722.00,-8.23,-0.57,5.24
21,4,0.38,0.48,0.00,0.00,0.00
41,7,7185.00,2147483648.00,2147483648.00,2147483648.00,2147483648.00,2147483648.00,0.00,0.00,0.00,0.00
13,0,7186.00,27.56,985.27
13,0,7369.00,27.58,985.29
17,1,5722.00,-8.23,-0.57,5.24
21,4,0.48,0.00,0.00,0.00,0.00
41,7,7554.00,2147483648.00,2147483648.00,2147483648.00,2147483648.00,2147483648.00,0.00,0.00,0.00,0.00
13,0,7555.00,27.59,985.27
13,0,7738.00,27.59,985.24
17,1,5722.00,-8.23,-0.57,5.24
13,6,0.00,0.00,6.00
41,7,8105.00,2147483648.00,135056.00,0.00,0.00,0.00,0.00,0.00,0.00,0.00
13,0,8107.00,27.61,985.32
13,0,8292.00,27.61,985.25
17,1,5722.00,-8.23,-0.57,5.24
13,6,6.00,0.00,0.00
17,1,5722.00,-8.23,-0.57,5.24
17,2,9312.00,-0.01,0.00,0.00
13,6,0.00,0.00,6.00
13,0,9671.00,27.63,985.29
13,0,9858.00,27.62,985.28
17,1,5722.00,-8.23,-0.57,5.24
21,4,0.73,-0.29,0.38,0.48,0.00
41,7,10226.00,2147483648.00,135056.00,0.00,0.00,0.00,0.00,0.00,0.00,0.00
13,0,10042.00,27.61,985.27
13,0,10227.00,27.59,985.27
17,1,5722.00,-8.23,-0.57,5.24
21,4,-0.30,0.38,0.48,0.00,0.00
41,7,10596.00,2147483648.00,2147483648.00,2147483648.00,2147483648.00,2147483648.00,0.00,0.00,0.00,0.00
13,0,10414.00,27.60,985.22
13,0,10597.00,27.61,985.26
17,1,5722.00,-8.23,-0.57,5.24
21,4,0.38,0.48,0.00,0.00,0.00
41,7,10964.00,2147483648.00,2147483648.00,2147483648.00,2147483648.00,2147483648.00,0.00,0.00,0.00,0.00
13,0,10783.00,27.62,985.27
13,0,10965.00,27.62,985.28
17,1,5722.00,-8.23,-0.57,5.24
13,6,0.00,6.00,0.00
Set Freq to: 915.00
13,0,11344.00,28.22,985.36
13,0,11541.00,28.22,985.36
17,3,11367.00,71.31,20.75,3.00
13,6,0.00,0.00,0.00
21,4,11728.00,0.73,-0.29,0.38,0.49
13,6,0.00,0.00,0.00
21,4,0.73,-0.29,0.38,0.49,0.00
41,7,12449.00,41.00,43.00,45.00,0.00,inf,3.00,0.00,0.00,0.00
13,0,12451.00,28.22,985.36
13,0,12640.00,28.23,985.37
17,1,12465.00,-8.15,-0.46,5.32
13,6,5.00,0.00,0.00
17,1,12648.00,-8.15,-0.46,5.32
17,3,13017.00,72.94,20.69,5.69
13,6,0.00,0.00,0.00
17,1,12832.00,-8.15,-0.46,5.32
21,4,-0.29,0.38,0.49,0.00,0.00
41,7,13563.00,41.00,43.00,45.00,0.00,inf,0.00,0.00,0.00,0.00
13,0,13564.00,28.25,985.34
13,0,13747.00,28.25,985.34
17,1,13204.00,-8.15,-0.46,5.32
21,4,0.38,0.49,0.00,0.00,0.00
41,7,13933.00,41.00,43.00,45.00,0.00,inf,3.00,0.00,0.00,0.00
13,0,13934.00,28.24,985.35
13,0,14117.00,28.25,985.33
17,1,13572.00,-8.15,-0.46,5.32
13,6,0.00,0.00,0.00
17,1,13943.00,-8.15,-0.46,5.32
13,6,5.00,0.00,0.00
17,1,13943.00,-8.15,-0.46,5.32
21,4,0.49,0.00,0.00,0.00,0.00
41,7,15041.00,41.00,43.00,45.00,0.00,inf,0.00,0.00,0.00,0.00
13,0,15042.00,28.26,985.37
13,0,4365.00,28.49,985.36
13,6,0.00,0.00,0.00
17,3,4573.00,71.87,17.94,4.19
13,6,0.00,0.00,0.00
21,4,4934.00,0.75,-0.25,0.38,0.48
13,6,0.00,0.00,0.00
21,4,0.75,-0.24,0.38,0.48,0.00
41,7,5654.00,41.00,43.00,45.00,0.00,inf,3.00,0.00,0.00,0.00
13,0,5655.00,28.49,985.37
41,7,5843.00,41.00,0.00,0.00,0.00,0.00,0.00,0.00,0.00,0.00
13,0,5844.00,28.48,985.38
41,7,6026.00,41.00,43.00,45.00,0.00,inf,0.00,0.00,0.00,0.00
13,0,6027.00,28.47,985.34
13,0,6213.00,28.45,985.40
17,1,5670.00,-7.95,0.04,5.74
17,3,6223.00,70.94,19.00,0.06
13,6,5.00,0.00,0.00
17,1,5853.00,-7.95,0.00,5.74
21,4,-0.24,0.38,0.48,0.00,0.00
41,7,6769.00,41.00,43.00,45.00,0.00,inf,0.00,0.00,0.00,0.00
13,0,6770.00,28.45,985.38
13,0,6954.00,28.44,985.33
17,1,5853.00,-7.95,0.00,5.74
21,4,0.38,0.48,0.00,0.00,0.00
41,7,7140.00,41.00,43.00,45.00,0.00,inf,3.00,0.00,0.00,0.00
13,0,7141.00,28.43,985.42
41,7,7323.00,41.00,0.00,0.00,0.00,0.00,0.00,0.00,0.00,0.00
13,0,7324.00,28.42,985.40
41,7,7510.00,41.00,43.00,45.00,0.00,inf,0.00,0.00,0.00,0.00
13,0,7511.00,28.41,985.40
13,0,7694.00,28.40,985.36
17,1,5853.00,-7.95,0.00,5.74
13,6,0.00,0.00,5.00
13,0,8064.00,28.38,985.36
41,7,8249.00,41.00,43.00,45.00,0.00,inf,0.00,0.00,0.00,0.00
13,0,8250.00,28.38,985.35
13,0,8435.00,28.39,985.35
17,1,5853.00,-7.95,0.00,5.74
17,3,71.44,19.44,2.50,0.00
13,6,0.00,5.00,0.00
13,0,8805.00,28.42,985.37
41,7,8989.00,41.00,43.00,45.00,0.00,inf,0.00,0.00,0.00,0.00
13,0,8991.00,28.42,985.33
13,0,9177.00,28.44,985.39
17,1,5853.00,-7.95,0.00,5.74
17,3,19.00,1.12,0.00,0.00
13,6,5.00,0.00,0.00
13,0,9547.00,28.45,985.37
13,0,9730.00,28.45,985.41
17,1,5853.00,-7.95,0.00,5.74
21,4,0.48,0.75,-0.24,0.38,0.48
41,7,9915.00,41.00,0.00,0.00,0.00,0.00,0.00,0.00,0.00,0.00
13,0,9916.00,28.45,985.34
13,0,10099.00,28.45,985.36
17,1,5853.00,-7.95,0.00,5.74
21,4,0.75,-0.24,0.38,0.48,0.75
13,0,10285.00,28.45,985.37
17,1,5853.00,-7.95,0.00,5.74
21,4,0.75,-0.24,0.38,0.48,0.75
41,7,10469.00,41.00,43.00,45.00,0.00,3.00,0.00,0.00,0.00,0.00
13,0,10470.00,28.44,985.36
41,7,10655.00,41.00,0.00,0.00,0.00,0.00,0.00,0.00,0.00,0.00
13,0,10656.00,28.44,985.39
41,7,10840.00,41.00,43.00,45.00,0.00,inf,0.00,0.00,0.00,0.00
13,0,28.44,985.38,0.00
41,7,11026.00,41.00,43.00,45.00,0.00,0.00,0.00,0.00,0.00,0.00
13,0,985.43,0.00,0.00
41,7,11212.00,41.00,43.00,45.00,0.00,0.00,0.00,0.00,0.00,0.00
17,1,5853.00,-7.95,0.00,5.74
13,0,28.44,985.44,0.00
17,1,5853.00,-7.95,0.00,5.74
17,3,2.25,0.00,0.00,0.00
13,6,0.00,0.00,5.00
21,4,0.75,-0.24,0.75,-0.25,0.38
13,6,0.00,0.00,0.00
13,0,985.28,0.00,0.00
41,7,12324.00,41.00,43.00,45.00,0.00,inf,3.00,0.00,0.00,0.00
17,1,5853.00,-7.95,0.00,5.74
41,7,12507.00,41.00,43.00,45.00,0.00,0.00,0.00,0.00,0.00,0.00
13,0,28.39,985.39,0.00
41,7,12694.00,41.00,43.00,45.00,0.00,0.00,0.00,0.00,0.00,0.00
13,0,985.32,0.00,0.00
17,1,5853.00,-7.95,0.00,5.74
21,4,0.48,0.75,-0.25,0.38,0.48
13,6,0.00,0.00,0.00
17,1,5853.00,-7.95,0.00,5.74
17,3,69.62,18.87,1.00,0.00
13,6,0.00,0.00,5.00
13,0,28.39,985.35,0.00
41,7,13807.00,41.00,43.00,45.00,0.00,inf,3.00,0.00,0.00,0.00
13,0,985.36,0.00,0.00
41,7,13994.00,41.00,43.00,45.00,0.00,0.00,0.00,0.00,0.00,0.00
17,1,5853.00,-7.95,0.00,5.74
41,7,14178.00,41.00,43.00,45.00,0.00,0.00,0.00,0.00,0.00,0.00
